3.333333333333338144e-01 3.509727564819512281e+03
3.367908997460021259e-01 3.407528405580286744e+03
3.402843304551644299e-01 3.308184870720463095e+03
3.438139974703817159e-01 3.211609836698202798e+03
3.473802766599581870e-01 3.117748141886770100e+03
3.509835477909668544e-01 3.026517346983475818e+03
3.546241945696904097e-01 2.937863967819397203e+03
3.583026046824815958e-01 2.851709976823386569e+03
3.620191698370467392e-01 2.768003391511211248e+03
3.657742858041586054e-01 2.686670354476348166e+03
3.695683524598011305e-01 2.607660348449237972e+03
3.734017738277517484e-01 2.530903582457791799e+03
3.772749581226044757e-01 2.456350998901548337e+03
3.811883177932411382e-01 2.383936719117442863e+03
3.851422695667514606e-01 2.313613079783785452e+03
3.891372344928099025e-01 2.245317935245626813e+03
3.931736379885128474e-01 2.179004942764513544e+03
3.972519098836799212e-01 2.114615500865279955e+03
4.013724844666262670e-01 2.052104507666042537e+03
4.055358005304094959e-01 1.991416750450530571e+03
4.097423014195549773e-01 1.932508348203431069e+03
4.139924350772679063e-01 1.875327367627706280e+03
4.182866540931337029e-01 1.819831128392574101e+03
4.226254157513131271e-01 1.765970848806497543e+03
4.270091820792383253e-01 1.713705012317939463e+03
4.314384198968125861e-01 1.662987851207828498e+03
4.359136008661224082e-01 1.613778970283473427e+03
4.404352015416623245e-01 1.566035482145665810e+03
4.450037034210841402e-01 1.519718074898788700e+03
4.496195929964693638e-01 1.474786620077209363e+03
4.542833618061358214e-01 1.431202869074357977e+03
4.589955064869806756e-01 1.388929344155397075e+03
4.637565288273658437e-01 1.347928838443605628e+03
4.685669358205531987e-01 1.308166417065962605e+03
4.734272397186933268e-01 1.269605888870752324e+03
4.783379580873741710e-01 1.232214748618309159e+03
4.832996138607359993e-01 1.195957796141939980e+03
4.883127353971573048e-01 1.160804850732534078e+03
4.933778565355193546e-01 1.126721678233736156e+03
4.984955166520538827e-01 1.093680317117821915e+03
5.036662607177794238e-01 1.061647477645830804e+03
5.088906393565355568e-01 1.030597316870001578e+03
5.141692089036168367e-01 1.000497471094641014e+03
5.195025314650170145e-01 9.713241212306721764e+02
5.248911749772857682e-01 9.430458082848198273e+02
5.303357132680082131e-01 9.156406408644867270e+02
5.358367261169100226e-01 8.890780485106413380e+02
5.413947993175979301e-01 8.633379766619179918e+02
5.470105247399393855e-01 8.383907222403441892e+02
5.526845003930900280e-01 8.142179734979309842e+02
5.584173304891746348e-01 7.907908742610280797e+02
5.642096255076282096e-01 7.680927663672874814e+02
5.700620022602063131e-01 7.460956256205046202e+02
5.759750839566663005e-01 7.247843623728160765e+02
5.819495002711333465e-01 7.041317668079901750e+02
5.879858874091531407e-01 6.841242350241101349e+02
5.940848881754395849e-01 6.647353594220425066e+02
6.002471520423272588e-01 6.459529405912504672e+02
6.064733352189313198e-01 6.277513550659122075e+02
6.127641007210270496e-01 6.101197248497745704e+02
6.191201184416527115e-01 5.930331934261964761e+02
6.255420652224459310e-01 5.764821261931127765e+02
6.320306249257188203e-01 5.604424214486273286e+02
6.385864885072815023e-01 5.449056125289888541e+02
6.452103540900211431e-01 5.298483394972039378e+02
6.519029270382437069e-01 5.152632321566570681e+02
6.586649200327864273e-01 5.011276621832183196e+02
6.654970531469110995e-01 4.874352835402742699e+02
6.724000539229825213e-01 4.741641852405438158e+02
6.793746574499439639e-01 4.613089733086313800e+02
6.864216064415947782e-01 4.488484414960610138e+02
6.935416513156815732e-01 4.367780807024082605e+02
7.007355502738084052e-01 4.250773796957991522e+02
7.080040693821764153e-01 4.137426483343045902e+02
7.153479826531612407e-01 4.027540609908122633e+02
7.227680721277359721e-01 3.921086845915950221e+02
7.302651279587496491e-01 3.817873706761997141e+02
7.378399484950689535e-01 3.717878802634782573e+02
7.454933403665933156e-01 3.620917314011108488e+02
7.532261185701514261e-01 3.526973177079100310e+02
7.610391065562894797e-01 3.435868148157956057e+02
7.689331363169579214e-01 3.347591914800559607e+02
7.769090484741095759e-01 3.261972732581123751e+02
7.849676923692159303e-01 3.179005479224512669e+02
7.931099261537125633e-01 3.098524842481759833e+02
8.013366168803812695e-01 3.020530359252146582e+02
8.096486405956818677e-01 2.944863077379533252e+02
8.180468824330403566e-01 2.871526658855958090e+02
8.265322367071058496e-01 2.800368429735490849e+02
8.351056070089840633e-01 2.731395661858828703e+02
8.437679063024597914e-01 2.664461890228305947e+02
8.525200570212163598e-01 2.599577512334200264e+02
8.613629911670640515e-01 2.536602205010721036e+02
8.702976504091883836e-01 2.475549022744748697e+02
8.793249861844251170e-01 2.416283723391174476e+02
8.884459597985792101e-01 2.358821571719053338e+02
8.976615425287903793e-01 2.303034335542884889e+02
9.069727157269649176e-01 2.248939048453743794e+02
9.163804709242773239e-01 2.196413412449192890e+02
9.258858099367560657e-01 2.145475811302840725e+02
9.354897449719665747e-01 2.096009811307585267e+02
9.451932987367986927e-01 2.048034749763459672e+02
9.549975045463731105e-01 2.001439982699291704e+02
9.649034064340779038e-01 1.956245424038635576e+02
9.749120592627450455e-01 1.912346146745502722e+02
9.850245288369814389e-01 1.869762282319910582e+02
9.952418920166649086e-01 1.828394536157511823e+02
1.005565236831616582e+00 1.788262911604248302e+02
1.015995662597464211e+00 1.749273656273999791e+02
1.026534280032705082e+00 1.711446322485345775e+02
1.037182211376986407e+00 1.674692610485155342e+02
1.047940590510608505e+00 1.639031321404122536e+02
1.058810563075272437e+00 1.604379512669473797e+02
1.069793286596074644e+00 1.570754956679492977e+02
1.080889930604772564e+00 1.538079968521088858e+02
1.092101676764323903e+00 1.506371033487384352e+02
1.103429718994721087e+00 1.475555614489320817e+02
1.114875263600129562e+00 1.445648672394000585e+02
1.126439529397345041e+00 1.416582703270428283e+02
1.138123747845583233e+00 1.388370932871883667e+02
1.149929163177616509e+00 1.360950772133312228e+02
1.161857032532268796e+00 1.334333525775687406e+02
1.173908626088286722e+00 1.308461395782277350e+02
1.186085227199600078e+00 1.283343608161086422e+02
1.198388132531982064e+00 1.258927027700525088e+02
1.210818652201130607e+00 1.235218669509998506e+02
1.223378109912179657e+00 1.212169926113466971e+02
1.236067843100657315e+00 1.189785498142631326e+02
1.248889203074909915e+00 1.168021167937871496e+02
1.261843555159997798e+00 1.146879250167551731e+02
1.274932278843087241e+00 1.126319776581444927e+02
1.288156767920350498e+00 1.106342635696093026e+02
1.301518430645388857e+00 1.086911966067870878e+02
1.315018689879193570e+00 1.068025223139629674e+02
1.328658983241665981e+00 1.049650507031003031e+02
1.342440763264704850e+00 1.031782864876962549e+02
1.356365497546887511e+00 1.014394210700287005e+02
1.370434668909747966e+00 9.974772417957186121e+01
1.384649775555683693e+00 9.810075381720909604e+01
1.399012331227493799e+00 9.649755406268991464e+01
1.413523865369576527e+00 9.493603467237385019e+01
1.428185923290797188e+00 9.341502674203664469e+01
1.443000066329044984e+00 9.193277690955392245e+01
1.457967872017497335e+00 9.048791922226673989e+01
1.473090934252608619e+00 8.907902215680535107e+01
1.488370863463842619e+00 8.770454164338532621e+01
1.503809286785162680e+00 8.636335276505087677e+01
1.519407848228303770e+00 8.505375513698126611e+01
1.535168208857840222e+00 8.377491499963490185e+01
1.551092046968069571e+00 8.252500001085731185e+01
1.567181058261730486e+00 8.130345168807478728e+01
1.583436956030577880e+00 8.010833221727664011e+01
1.599861471337824748e+00 7.893934193902894947e+01
1.616456353202483820e+00 7.779446568318384436e+01
1.633223368785615470e+00 7.667364526793981838e+01
1.650164303578509628e+00 7.557481730753988813e+01
1.667280961592821686e+00 7.449814663983678997e+01
1.684575165552675502e+00 7.344155124770792042e+01
1.702048757088765685e+00 7.240539917763749145e+01
1.719703596934467615e+00 7.138761909740468070e+01
1.737541565123983833e+00 7.038876076443212071e+01
1.755564561192547224e+00 6.940679183208911240e+01
1.773774504378697436e+00 6.844242032763331451e+01
1.792173333828658732e+00 6.749367939041194120e+01
1.810763008802835916e+00 6.656140965934321230e+01
1.829545508884452554e+00 6.564373372584803690e+01
1.848522834190353681e+00 6.474159685462898040e+01
1.867697005583994541e+00 6.385323187091436381e+01
1.887070064890639776e+00 6.297965832181050416e+01
1.906644075114792614e+00 6.211923626123354580e+01
1.926421120659882247e+00 6.127302691697740045e+01
1.946403307550227613e+00 6.043953035556057074e+01
1.966592763655304221e+00 5.961981492807751692e+01
1.986991638916337122e+00 5.881252900339411127e+01
2.007602105575247098e+00 5.801871204685659222e+01
2.028426358405964081e+00 5.723716450694475100e+01
2.049466614948150855e+00 5.646886028376778199e+01
2.070725115743340172e+00 5.571275141135804176e+01
2.092204124573528556e+00 5.496970989428519516e+01
2.113905928702243031e+00 5.423883506067394222e+01
2.135832839118106730e+00 5.352086228664695255e+01
2.157987190780933151e+00 5.281503086124764934e+01
2.180371342870370821e+00 5.212190785582903629e+01
2.202987679037129887e+00 5.144086310807028894e+01
2.225838607656812407e+00 5.077226837476615628e+01
2.248926562086376091e+00 5.011561371754505245e+01
2.272254000923258577e+00 4.947105491552919432e+01
2.295823408267188892e+00 4.883819226022700377e+01
2.319637293984715409e+00 4.821695283316747549e+01
2.343698193976478272e+00 4.760703869615905148e+01
2.368008670447251607e+00 4.700814485550825594e+01
2.392571312178788823e+00 4.642006927052040766e+01
2.417388734805498096e+00 4.584228184513737858e+01
2.442463581092976455e+00 4.527467387524848164e+01
2.467798521219434438e+00 4.471650796324601629e+01
2.493396253060036649e+00 4.416776977732284593e+01
2.519259502474196832e+00 4.362754303145461421e+01
2.545391023595847901e+00 4.309591209691675573e+01
2.571793599126724672e+00 4.257181977880919987e+01
2.598470040632692157e+00 4.205545580676906781e+01
2.625423188843141187e+00 4.154566770905795181e+01
2.652655913953494871e+00 4.104275791516153760e+01
2.680171115930849446e+00 4.054552918706579590e+01
2.707971724822788140e+00 4.005440244949819117e+01
2.736060701069396028e+00 3.956818760739720631e+01
2.764441035818514081e+00 3.908742569977400905e+01
2.793115751244258149e+00 3.861098313175561003e+01
2.822087900868848642e+00 3.813951575154259643e+01
2.851360569887773977e+00 3.767198920838075793e+01
2.880936875498326000e+00 3.720915947004629487e+01
2.910819967231547345e+00 3.675012386122514130e+01
2.941013027287619597e+00 3.629571267665132694e+01
2.971519270874728669e+00 3.584517419516562597e+01
3.002341946551447371e+00 3.539937564379847146e+01
3.033484336572671580e+00 3.495772091464017706e+01
3.064949757239138872e+00 3.452106629858630527e+01
3.096741559250576703e+00 3.408896163524428857e+01
3.128863128062512544e+00 3.366219693589589212e+01
3.161317884246788612e+00 3.324044625955288268e+01
3.194109283855806058e+00 3.282437539945914295e+01
3.227240818790561683e+00 3.241375300371782942e+01
3.260716017172489156e+00 3.200906654555882369e+01
3.294538443719164267e+00 3.161014736284592175e+01
3.328711700123907491e+00 3.121726164555607852e+01
3.363239425439321195e+00 3.083027558200036822e+01
3.398125296464803657e+00 3.044920939065150378e+01
3.433373028138089200e+00 3.007394626266571791e+01
3.468986373930843747e+00 2.970425972154498240e+01
3.504969126248365541e+00 2.934004638512441332e+01
3.541325116833432318e+00 2.898085924129068403e+01
3.578058217174338029e+00 2.862662046208284394e+01
3.615172338917159944e+00 2.827671456321182930e+01
3.652671434282301899e+00 2.793111483314130083e+01
3.690559496485364299e+00 2.758910981260854101e+01
3.728840560162369755e+00 2.725075672488518208e+01
3.767518701799407399e+00 2.691533130540964791e+01
3.806598040166730978e+00 2.658300536953729321e+01
3.846082736757359122e+00 2.625312283477063957e+01
3.885976996230226632e+00 2.592598760582691142e+01
3.926285066857928108e+00 2.560107682365616810e+01
3.967011240979115172e+00 2.527882073198232860e+01
4.008159855455575737e+00 2.495886701243783889e+01
4.049735292134061915e+00 2.464173699808087292e+01
4.091741978312901651e+00 2.432725177005653450e+01
4.134184387213460710e+00 2.401595924846987984e+01
4.177067038456482528e+00 2.370782304647396188e+01
4.220394498543374340e+00 2.340333221772969452e+01
4.264171381342495515e+00 2.310253744207741278e+01
4.308402348580468555e+00 2.280577851135226553e+01
4.353092110338608656e+00 2.251312938208728553e+01
4.398245425554482502e+00 2.222470622851029276e+01
4.443867102528690438e+00 2.194055392655564063e+01
4.489961999436884454e+00 2.166052768903593062e+01
4.536535024847114350e+00 2.138462006661847070e+01
4.583591138242527840e+00 2.111243965052523208e+01
4.631135350549502760e+00 2.084394199823131189e+01
4.679172724671245120e+00 2.057855760173602633e+01
4.727708376026935611e+00 2.031625545382267006e+01
4.776747473096460084e+00 2.005639769291923713e+01
4.826295237970788854e+00 1.979903465009431685e+01
4.876356946908074086e+00 1.954358389774357718e+01
4.926937930895507911e+00 1.929023453754939155e+01
4.978043576217005217e+00 1.903856261407192108e+01
5.029679325026786607e+00 1.878891350024588647e+01
5.081850675928900607e+00 1.854107256291523953e+01
5.134563184562763283e+00 1.829549972407991376e+01
5.187822464194765004e+00 1.805217239535433293e+01
5.241634186316022515e+00 1.781156547215499231e+01
5.296004081246323381e+00 1.757377115887225827e+01
5.350937938744337430e+00 1.733914826746778104e+01
5.406441608624162676e+00 1.710779913423297671e+01
5.462521001378256358e+00 1.687984970287222808e+01
5.519182088806838138e+00 1.665532696601270857e+01
5.576430904653814302e+00 1.643407065644126419e+01
5.634273545249304682e+00 1.621600760521830509e+01
5.692716170158822919e+00 1.600073232131147449e+01
5.751765002839206886e+00 1.578812274121292170e+01
5.811426331301341008e+00 1.557765775246728879e+01
5.871706508779751310e+00 1.536927067679184411e+01
5.932611954409160226e+00 1.516249616278171786e+01
5.994149153908037597e+00 1.495742371398060833e+01
6.056324660269268634e+00 1.475378461283006359e+01
6.119145094457953071e+00 1.455185674992404010e+01
6.182617146116478501e+00 1.435161357634817669e+01
6.246747574276876769e+00 1.415344719916114968e+01
6.311543208080586886e+00 1.395750218516400842e+01
6.377010947505679539e+00 1.376412263016604776e+01
6.443157764101621332e+00 1.357347759429303125e+01
6.509990701731662277e+00 1.338568894631981898e+01
6.577516877322934441e+00 1.320081625624649213e+01
6.645743481624305282e+00 1.301867223656253714e+01
6.714677779972126004e+00 1.283917274339889403e+01
6.784327113063890025e+00 1.266188572144767832e+01
6.854698897739945451e+00 1.248667687585319719e+01
6.925800627773284646e+00 1.231306462908680288e+01
6.997639874667562765e+00 1.214102512898594455e+01
7.070224288463359485e+00 1.197024588698459091e+01
7.143561598552826908e+00 1.180091974811491440e+01
7.217659614502776044e+00 1.163300993022450314e+01
7.292526226886307583e+00 1.146687672429480109e+01
7.368169408123062425e+00 1.130268344470523978e+01
7.444597213328190577e+00 1.114075667554577365e+01
7.521817781170134332e+00 1.098125966184990965e+01
7.599839334737287899e+00 1.082426075594203319e+01
7.678670182413677381e+00 1.066975712717149349e+01
7.758318718763691280e+00 1.051748464623541146e+01
7.838793425426009875e+00 1.036728496826381374e+01
7.920102872016802742e+00 1.021871780763271431e+01
8.002255717042292105e+00 1.007165486188496928e+01
8.085260708820777964e+00 9.925765028714183202e+00
8.169126686414232452e+00 9.781142291042218773e+00
8.253862580569567342e+00 9.637753583531795343e+00
8.339477414669639543e+00 9.495911356378350376e+00
8.425980305694142913e+00 9.355811626747456700e+00
8.513380465190460100e+00 9.217745625442463009e+00
8.601687200254586330e+00 9.081879252223668431e+00
8.690909914522224611e+00 8.948205819485846035e+00
8.781058109170157167e+00 8.816672484064765669e+00
8.872141383928022762e+00 8.686937499016774922e+00
8.964169438100565657e+00 8.558816474856659084e+00
9.057152071600496512e+00 8.431904736278507784e+00
9.151099185992082496e+00 8.306161835321329789e+00
9.246020785545528753e+00 8.181448131318820316e+00
9.341926978302334206e+00 8.058005051436902377e+00
9.438827977151667881e+00 7.935999282811956768e+00
9.536734100917927393e+00 7.815746132868190976e+00
9.635655775459575523e+00 7.697431332545498606e+00
9.735603534779363244e+00 7.581087113862253979e+00
9.836588022146084853e+00 7.466653503233038336e+00
9.938619991227966466e+00 7.353801988010727264e+00
1.004171030723779801e+01 7.242329708190192505e+00
1.014586994808994902e+01 7.131884449722264208e+00
1.025111000556939800e+01 7.022462407784440863e+00
1.035744168651287112e+01 6.914045017738287946e+00
1.046487631400224494e+01 6.806915831778340475e+00
1.057342532857031081e+01 6.701306594814962381e+00
1.068310028941907319e+01 6.597433933310455245e+00
1.079391287565066015e+01 6.495379735012084765e+00
1.090587488751101475e+01 6.394960181899397078e+00
1.101899824764647384e+01 6.295987770546650708e+00
1.113329500237341385e+01 6.198078665210409177e+00
1.124877732296101662e+01 6.101132653094447633e+00
1.136545750692738110e+01 6.005049740477245379e+00
1.148334797934906426e+01 5.910067283178308095e+00
1.160246129418420225e+01 5.816408287191103810e+00
1.172281013560936991e+01 5.724312787363598609e+00
1.184440731937027991e+01 5.633869767849827070e+00
1.196726579414653102e+01 5.544902351214348712e+00
1.209139864293047673e+01 5.457206130961012924e+00
1.221681908442041653e+01 5.370424996785138738e+00
1.234354047442822555e+01 5.284494900319743671e+00
1.247157630730161060e+01 5.199414977580619102e+00
1.260094021736107806e+01 5.115461295445100198e+00
1.273164598035184447e+01 5.032874814824253029e+00
1.286370751491078934e+01 4.951773252507605250e+00
1.299713888404862061e+01 4.872111822932750691e+00
1.313195429664743408e+01 4.793573940204076678e+00
1.326816810897378396e+01 4.715951530473247999e+00
1.340579482620745821e+01 4.639038385577140211e+00
1.354484910398610786e+01 4.562980891608402700e+00
1.368534574996591680e+01 4.487989644845981729e+00
1.382729972539842400e+01 4.414309365933868357e+00
1.397072614672372737e+01 4.342014972276343698e+00
1.411564028718022357e+01 4.270892343701811811e+00
1.426205757843100841e+01 4.200713137346722803e+00
1.440999361220718455e+01 4.131209253801094050e+00
1.455946414196817962e+01 4.062453218070720240e+00
1.471048508457933046e+01 3.994630682210334349e+00
1.486307252200682782e+01 3.927999614780217197e+00
1.501724270303026287e+01 3.862651836923824078e+00
1.517301204497291778e+01 3.798378677286152971e+00
1.533039713545004723e+01 3.734949881243522452e+00
1.548941473413524328e+01 3.672130171141250621e+00
1.565008177454514993e+01 3.610035384344787435e+00
1.581241536584268914e+01 3.548887949095780314e+00
1.597643279465897947e+01 3.488892177726761634e+00
1.614215152693417465e+01 3.430041779963786563e+00
1.630958920977736426e+01 3.372045127927433938e+00
1.647876367334579584e+01 3.314706225196648148e+00
1.664969293274356943e+01 3.257955471160909777e+00
1.682239518994005323e+01 3.202034254405819347e+00
1.699688883570816245e+01 3.147171805756391105e+00
1.717319245158276786e+01 3.093360066290081978e+00
1.735132481183941167e+01 3.040406735973436803e+00
1.753130488549355448e+01 2.988015275536911819e+00
1.771315183832054174e+01 2.936211486054102870e+00
1.789688503489655602e+01 2.885194570135956038e+00
1.808252404066069019e+01 2.835175040949634795e+00
1.827008862399845412e+01 2.786128727433394126e+00
1.845959875834688191e+01 2.737754957719744642e+00
1.865107462432146690e+01 2.689909259288524535e+00
1.884453661186513784e+01 2.642655884455964888e+00
1.904000532241958510e+01 2.596260115328113294e+00
1.923750157111905423e+01 2.550826129518791507e+00
1.943704638900691961e+01 2.506127275735052340e+00
1.963866102527523694e+01 2.461954770688100869e+00
1.984236694952754476e+01 2.418278865348653994e+00
2.004818585406512454e+01 2.375355277626329809e+00
2.025613965619696444e+01 2.333335352736643831e+00
2.046625050057372164e+01 2.292035136126441053e+00
2.067854076154583609e+01 2.251236837503446608e+00
2.089303304554617569e+01 2.210902883585599721e+00
2.110975019349732307e+01 2.171285090777518523e+00
2.132871528324388422e+01 2.132516322321182489e+00
2.154995163201001418e+01 2.094384288975478015e+00
2.177348279888240512e+01 2.056694286809029659e+00
2.199933258731908481e+01 2.019484185651168051e+00
2.222752504768418547e+01 1.983004775647505769e+00
2.245808447980903821e+01 1.947294095645614620e+00
2.269103543557980274e+01 1.912077711854412554e+00
2.292640272155198033e+01 1.877261222601625645e+00
2.316421140159201641e+01 1.843018867043310527e+00
2.340448679954629441e+01 1.809514374226941502e+00
2.364725450193784084e+01 1.776612623822537040e+00
2.389254036069100096e+01 1.744064669368399212e+00
2.414037049588434414e+01 1.711987572781237699e+00
2.439077129853215808e+01 1.680600779882242213e+00
2.464376943339479098e+01 1.649811663211254276e+00
2.489939184181813303e+01 1.619405170431330365e+00
2.515766574460254645e+01 1.589399496838930448e+00
2.541861864490156719e+01 1.560027724487889067e+00
2.568227833115067327e+01 1.531258065085289388e+00
2.594867288002642880e+01 1.502823249690403262e+00
2.621783065943631641e+01 1.474784590954213881e+00
2.648978033153959188e+01 1.447360876090334925e+00
2.676455085579946669e+01 1.420458302824312069e+00
2.704217149206696291e+01 1.393878869945123888e+00
2.732267180369672488e+01 1.367707600737175344e+00
2.760608166069518887e+01 1.342127213980807587e+00
2.789243124290138098e+01 1.316996810614272206e+00
2.818175104320072677e+01 1.292139939590580600e+00
2.847407187077217827e+01 1.267756106483300282e+00
2.876942485436903496e+01 1.243925597558473983e+00
2.906784144563378192e+01 1.220400094152923387e+00
2.936935342244735736e+01 1.197206610193782383e+00
2.967399289231307336e+01 1.174549558558990014e+00
2.998179229577573324e+01 1.152288721741923094e+00
3.029278440987614474e+01 1.130290743138266718e+00
3.060700235164151195e+01 1.108738924413473992e+00
3.092447958161200461e+01 1.087644675836414665e+00
3.124524990740388120e+01 1.066811654765845052e+00
3.156934748730968465e+01 1.046336840452053663e+00
3.189680683393561367e+01 1.026334514373518969e+00
3.222766281787676235e+01 1.006610916379514498e+00
3.256195067143043786e+01 9.871825700508439771e-01
3.289970599234792559e+01 9.682123712366893509e-01
3.324096474762534115e+01 9.495308380066678211e-01
3.358576327733358369e+01 9.311132100560923774e-01
3.393413829848819319e+01 9.131339774049208602e-01
3.428612690895927528e+01 8.954336520039565261e-01
3.464176659142197678e+01 8.779846928390748761e-01
3.500109521734796658e+01 8.609524707915127140e-01
3.536415105103828438e+01 8.441715722361280427e-01
3.573097275369807591e+01 8.276533817893441114e-01
3.610159938755354148e+01 8.115272517219415116e-01
3.647607042001157396e+01 7.956129683447560330e-01
3.685442572786263327e+01 7.799916615840585266e-01
3.723670560152714870e+01 7.647154617016655997e-01
3.762295074934591099e+01 7.496225822287976293e-01
3.801320230191515037e+01 7.348692647373246123e-01
3.840750181646635042e+01 7.203821493292527078e-01
3.880589128129168586e+01 7.060907937860062544e-01
3.920841312021524061e+01 6.921571395449349628e-01
3.961511019711067405e+01 6.784013559597228404e-01
4.002602582046572621e+01 6.649138083910306474e-01
4.044120374799403095e+01 6.517248567498115097e-01
4.086068819129484808e+01 6.386956886898603747e-01
4.128452382056104852e+01 6.259912593804816128e-01
4.171275576933598472e+01 6.134736756170441341e-01
4.214542963931965147e+01 6.012181818103335962e-01
4.258259150522481917e+01 5.892192003023539737e-01
4.302428791968333144e+01 5.774060383243628802e-01
4.347056591820353333e+01 5.659156589834284379e-01
4.392147302417892973e+01 5.545862897491483645e-01
4.437705725394887679e+01 5.435670702251805819e-01
4.483736712191181084e+01 5.327600814135199370e-01
4.530245164569141281e+01 5.222224908264848642e-01
4.577236035135642567e+01 5.119394760086832807e-01
4.624714327869462949e+01 5.018862051890451426e-01
4.672685098654144298e+01 4.921369581040482277e-01
4.721153455816390476e+01 4.825787837637728339e-01
4.770124560670041802e+01 4.733221743743625809e-01
4.819603628065692646e+01 4.642417412187945236e-01
4.869595926946014686e+01 4.554558792391362743e-01
4.920106780906839816e+01 4.468124546915023254e-01
4.971141568764055307e+01 4.384242525142086344e-01
5.022705725126387932e+01 4.301620057453717227e-01
5.074804740974129658e+01 4.221270751424529011e-01
5.127444164243855340e+01 4.141793298889092090e-01
5.180629600419220537e+01 4.064205924981175166e-01
5.234366713127874249e+01 3.987341734013211680e-01
5.288661224744573275e+01 3.912203336906909246e-01
5.343518917000547219e+01 3.837531499857128603e-01
5.398945631599183059e+01 3.764322570603003126e-01
5.454947270838102469e+01 3.691635355553990472e-01
5.511529798237680211e+01 3.620308716281143702e-01
5.568699239176103077e+01 3.549587177923933523e-01
5.626461681530983583e+01 3.479872703157448899e-01
5.684823276327663422e+01 3.411110896282129046e-01
5.743790238394219472e+01 3.343140127329603528e-01
5.803368847023271115e+01 3.276463961263312852e-01
5.863565446640650691e+01 3.210301146069967082e-01
5.924386447481010975e+01 3.145518320143841917e-01
5.985838326270445009e+01 3.081445791002575540e-01
6.047927626916170141e+01 3.018546825773605891e-01
6.110660961203392816e+01 2.956821349855817682e-01
6.174045009499373293e+01 2.895779427646842374e-01
6.238086521464814638e+01 2.836131062862075614e-01
6.302792316772620751e+01 2.777312411218176846e-01
6.368169285834112259e+01 2.719599768650873273e-01
6.434224390532769178e+01 2.663199958162808523e-01
6.500964664965600548e+01 2.607502204466418116e-01
6.568397216192185795e+01 2.553014357711939630e-01
6.636529224991495823e+01 2.499658716877624642e-01
6.705367946626563480e+01 2.447090614064649783e-01
6.774920711617077984e+01 2.395815828828419813e-01
6.845194926520012757e+01 2.345610702229403710e-01
6.916198074718322175e+01 2.296125323017919051e-01
6.987937717217842248e+01 2.247780850502947292e-01
7.060421493452454911e+01 2.200523224779382669e-01
7.133657122097582715e+01 2.154019224530068777e-01
7.207652401892151772e+01 2.108545599093508416e-01
7.282415212469062737e+01 2.064232725068840812e-01
7.357953515194274985e+01 2.020710585608642418e-01
7.434275354014606307e+01 1.977911848160183172e-01
7.511388856314310658e+01 1.936131304060563496e-01
7.589302233780561835e+01 1.895336592025447520e-01
7.668023783277887162e+01 1.855258880508456887e-01
7.747561887731697539e+01 1.815950791912478157e-01
7.827925017020966436e+01 1.777628528501856986e-01
7.909121728880178637e+01 1.740245851029175450e-01
7.991160669810622608e+01 1.703580254425371143e-01
8.074050576001141621e+01 1.667527353215382813e-01
8.157800274258441675e+01 1.632211490048447178e-01
8.242418682947037212e+01 1.597747143017385629e-01
8.327914812938959699e+01 1.564081451535455358e-01
8.414297768573300118e+01 1.531099461433230724e-01
8.501576748625727475e+01 1.498728017188977468e-01
8.589761047288038753e+01 1.467012520808992915e-01
8.678860055157886677e+01 1.436029645555467471e-01
8.768883260238773403e+01 1.405806489183905328e-01
8.859840248950406760e+01 1.376318797107178304e-01
8.951740707149538423e+01 1.347479788736631323e-01
9.044594421161406217e+01 1.319231645004410314e-01
9.138411278821851624e+01 1.291517648415629604e-01
9.233201270530261695e+01 1.264334429134478244e-01
9.328974490313436263e+01 1.237678166865708584e-01
9.425741136900477102e+01 1.211564104092247435e-01
9.523511514808836864e+01 1.185995527104693747e-01
9.622296035441624440e+01 1.160972627480188757e-01
9.722105218196305998e+01 1.136489556441812737e-01
9.822949691584895504e+01 1.112532948997141669e-01
9.924840194365756929e+01 1.089092859727089913e-01
1.002778757668717589e+02 1.066152008381745092e-01
1.013180280124275328e+02 1.043701380823630898e-01
1.023689694443881990e+02 1.021724906792631921e-01
1.034308119757393456e+02 1.000215608361468278e-01
1.045036686803063333e+02 9.791595125155355683e-02
1.055876538047952664e+02 9.585507818941618741e-02
1.066828827809589626e+02 9.383770225967298650e-02
1.077894722378891856e+02 9.186327967210011769e-02
1.089075400144361083e+02 8.993067148437605685e-02
1.100372051717568240e+02 8.803930840178794681e-02
1.111785880059940723e+02 8.618809114762898682e-02
1.123318100610863155e+02 8.437640467982748804e-02
1.134969941417106867e+02 8.260317702025844755e-02
1.146742643263602304e+02 8.086774188742185121e-02
1.158637459805570415e+02 7.916903599021855864e-02
1.170655657702019568e+02 7.750637700146222053e-02
1.182798516750631563e+02 7.587878996387360797e-02
1.195067330024044026e+02 7.428567767984399495e-02
1.207463404007548746e+02 7.272619968471616403e-02
1.219988058738216949e+02 7.119983932969133067e-02
1.232642627945465676e+02 6.970583150890986845e-02
1.245428459193087889e+02 6.824364833038971956e-02
1.258346914022749701e+02 6.681250064094675090e-02
1.271399368098979323e+02 6.541182472489043276e-02
1.284587211355659520e+02 6.404085666573294811e-02
1.297911848144039197e+02 6.269903451581075593e-02
1.311374697382280488e+02 6.138558915787781234e-02
1.324977192706556366e+02 6.009997741955670769e-02
1.338720782623717582e+02 5.884155934103366126e-02
1.352606930665539835e+02 5.760990534590846451e-02
1.366637115544574499e+02 5.640436577960767500e-02
1.380812831311612854e+02 5.522439121020279035e-02
1.395135587514785982e+02 5.406930042532340913e-02
1.409606909360314262e+02 5.293863544291095569e-02
1.424228337874922659e+02 5.183183856228846392e-02
1.439001430069942558e+02 5.074849324509918963e-02
1.453927759107116913e+02 4.968803849215071289e-02
1.469008914466121496e+02 4.865002545924095034e-02
1.484246502113826693e+02 4.763386408153534590e-02
1.499642144675314341e+02 4.663908647828870352e-02
1.515197481606667793e+02 4.566512779306247660e-02
1.530914169369556248e+02 4.471156417186235299e-02
1.546793881607626702e+02 4.377790338701249145e-02
1.562838309324728812e+02 4.286380356879126996e-02
1.579049161064986322e+02 4.196884209347059164e-02
1.595428163094737215e+02 4.109270048988274138e-02
1.611977059586361349e+02 4.023496121173776585e-02
1.628697612804014057e+02 3.939529996790584049e-02
1.645591603291286731e+02 3.857329408818493954e-02
1.662660830060813737e+02 3.776861225852096854e-02
1.679907110785846100e+02 3.698083688510953038e-02
1.697332281993813297e+02 3.620964162481976611e-02
1.714938199261891612e+02 3.545462466193804313e-02
1.732726737414600962e+02 3.471547421378615855e-02
1.750699790723451770e+02 3.399180618573864610e-02
1.768859273108664638e+02 3.328332256732994404e-02
1.787207118342976457e+02 3.258965790860079981e-02
1.805745280257569902e+02 3.191052780800320010e-02
1.824475732950128304e+02 3.124558516792422247e-02
1.843400470995058527e+02 3.059455962973983006e-02
1.862521509655886973e+02 2.995711971233239873e-02
1.881840885099861964e+02 2.933300831587786622e-02
1.901360654614783812e+02 2.872190885615377373e-02
1.921082896828079356e+02 2.812357689361742394e-02
1.941009711928151944e+02 2.753771046872129438e-02
1.961143221888029302e+02 2.696407501742906568e-02
1.981485570691325506e+02 2.640238251810380840e-02
2.002038924560552857e+02 2.585240958106794010e-02
2.022805472187798443e+02 2.531388184661651636e-02
2.043787424967792674e+02 2.478658679431978984e-02
2.064987017233400195e+02 2.427026327867311262e-02
2.086406506493546829e+02 2.376470900274413670e-02
2.108048173673621477e+02 2.326967367384285765e-02
2.129914323358363220e+02 2.278496376764042528e-02
2.152007284037277941e+02 2.231033929188766182e-02
2.174329408352592452e+02 2.184561482289361714e-02
2.196883073349783047e+02 2.139056071018095168e-02
2.219670680730704362e+02 2.094499957227406728e-02
2.242694657109341279e+02 2.050871142827086907e-02
2.265957454270217113e+02 2.008152555277154666e-02
2.289461549429477429e+02 1.966323150708916903e-02
2.313209445498685568e+02 1.925366535955133976e-02
2.337203671351355752e+02 1.885262368826797971e-02
2.361446782092243950e+02 1.845994872539288151e-02
2.385941359329441127e+02 1.807544489419755582e-02
2.410690011449281940e+02 1.769895941465362416e-02
2.435695373894108400e+02 1.733030292693945110e-02
2.460960109442911516e+02 1.696932813364401826e-02
2.486486908494890713e+02 1.661585239068400985e-02
2.512278489355944942e+02 1.626973271571224844e-02
2.538337598528142678e+02 1.593079325714422470e-02
2.564667011002194954e+02 1.559889773219817408e-02
2.591269530552953597e+02 1.527387793700215810e-02
2.618147990037985551e+02 1.495560350498677422e-02
2.645305251699236919e+02 1.464391502279837123e-02
2.672744207467827664e+02 1.433869047797954946e-02
2.700467779272011057e+02 1.403977888698339054e-02
2.728478919348322620e+02 1.374706522415010228e-02
2.756780610555959470e+02 1.346040656824700442e-02
2.785375866694420210e+02 1.317969557949482708e-02
2.814267732824438326e+02 1.290479800539283406e-02
2.843459285592247738e+02 1.263561126036699504e-02
2.872953633557208946e+02 1.237200607413720989e-02
2.902753917522830420e+02 1.211388453746529981e-02
2.932863310871235285e+02 1.186112177245256770e-02
2.963285019901082364e+02 1.161362194867498511e-02
2.994022284169001296e+02 1.137126289451115962e-02
3.025078376834570690e+02 1.113395070981360556e-02
3.056456605008868337e+02 1.090156679612532854e-02
3.088160310106637780e+02 1.067401870271478086e-02
3.120192868202117893e+02 1.045119022136930566e-02
3.152557690388546803e+02 1.023299149172956536e-02
3.185258223141406120e+02 1.001931011718611847e-02
3.218297948685433880e+02 9.810059792219025937e-03
3.251680385365435768e+02 9.605133008074214981e-03
3.285409088020951458e+02 9.404447989469722977e-03
3.319487648364800521e+02 9.207904104514847560e-03
3.353919695365560756e+02 9.015426330297121246e-03
3.388708895634009082e+02 8.826920265141228669e-03
3.423858953813572157e+02 8.642316689885900724e-03
3.459373612974829939e+02 8.461528527646663619e-03
3.495256655014108560e+02 8.284491472112324659e-03
3.531511901056204579e+02 8.111122249968566802e-03
3.568143211861296322e+02 7.941358417564520211e-03
3.605154488236061638e+02 7.775117953000621786e-03
3.642549671449077664e+02 7.612337674251168189e-03
3.680332743650512271e+02 7.452936488640419209e-03
3.718507728296181085e+02 7.296852111134346890e-03
3.757078690575993960e+02 7.144003200039114078e-03
3.796049737846855692e+02 6.994327811162729704e-03
3.835425020070048276e+02 6.847749459371445593e-03
3.875208730253153249e+02 6.704210711764803723e-03
3.915405104896560147e+02 6.563637119550484733e-03
3.956018424444601465e+02 6.425973493718263943e-03
3.997053013741371501e+02 6.291151984233599170e-03
4.038513242491271171e+02 6.159123219940187445e-03
4.080403525724333349e+02 6.029822857196493260e-03
4.122728324266366826e+02 5.903203518189313603e-03
4.165492145213985964e+02 5.779205184127579435e-03
4.208699542414562416e+02 5.657784510959960877e-03
4.252355116951156333e+02 5.538883219064283728e-03
4.296463517632481626e+02 5.422457255550494279e-03
4.341029441487944496e+02 5.308446800158617834e-03
4.386057634267823460e+02 5.196806784230173851e-03
4.431552890948638606e+02 5.087479762713825043e-03
4.477520056243760678e+02 4.980422930727743114e-03
4.523964025119311145e+02 4.875580842096049160e-03
4.570889743315427722e+02 4.772914206029967021e-03
4.618302207872920349e+02 4.672371158004362882e-03
4.666206467665400055e+02 4.573914018601527541e-03
4.714607623936926188e+02 4.477494126657730576e-03
4.763510830845228270e+02 4.383078110311364531e-03
4.812921296010565584e+02 4.290622047027238019e-03
4.862844281070271677e+02 4.200092305785238164e-03
4.913285102239065054e+02 4.111442415700492133e-03
4.964249130875161313e+02 4.024637044202305190e-03
5.015741794052255500e+02 3.939631074224371303e-03
5.067768575137451421e+02 3.856391294838646365e-03
5.120335014375164064e+02 3.774873903068071048e-03
5.173446709477103695e+02 3.695048021786712013e-03
5.227109316218354707e+02 3.616875031141133373e-03
5.281328549039661766e+02 3.540327729635995950e-03
5.336110181655938050e+02 3.465367171098200291e-03
5.391460047671110942e+02 3.391967372244238544e-03
5.447384041199323974e+02 3.320097127242374341e-03
5.503888117492591618e+02 3.249728902174609229e-03
5.560978293574970621e+02 3.180826764263795792e-03
5.618660648883297881e+02 3.113363419291742887e-03
5.676941325914579011e+02 3.047302760680462626e-03
5.735826530880090104e+02 2.982617192647490749e-03
5.795322534366279115e+02 2.919271762400798501e-03
5.855435672002491856e+02 2.857241074279804043e-03
5.916172345135657906e+02 2.796493260509919348e-03
5.977539021511952342e+02 2.737005694997341615e-03
6.039542235965534474e+02 2.678750112124547635e-03
6.102188591114432938e+02 2.621708022017086876e-03
6.165484758063647632e+02 2.565853942045444574e-03
6.229437477115543516e+02 2.511170081277109244e-03
6.294053558487619284e+02 2.457630550293942936e-03
6.359339883037706613e+02 2.405217524543038637e-03
6.425303402996706836e+02 2.353903858262678880e-03
6.491951142708920770e+02 2.303667856774522116e-03
6.559290199380061495e+02 2.254482290405365481e-03
6.627327743833023987e+02 2.206325686016590189e-03
6.696071021271490054e+02 2.159168893747456623e-03
6.765527352051458365e+02 2.112990899222108587e-03
6.835704132460783740e+02 2.067766045469050361e-03
6.906608835506787045e+02 2.023478248957507816e-03
6.978249011712046013e+02 1.980106151705027153e-03
7.050632289918439710e+02 1.937635742701078424e-03
7.123766378099529675e+02 1.896047836448830652e-03
7.197659064181367512e+02 1.855330390538305341e-03
7.272318216871821051e+02 1.815466467914189337e-03
7.347751786498495221e+02 1.776444500390795276e-03
7.423967805855357938e+02 1.738246861642822345e-03
7.500974391058126685e+02 1.700860699553220258e-03
7.578779742408548827e+02 1.664266769622216834e-03
7.657392145267637034e+02 1.628450353334069938e-03
7.736819970937958715e+02 1.593389593336501635e-03
7.817071677555088627e+02 1.559067974434889901e-03
7.898155810988293979e+02 1.525463517457945105e-03
7.980081005750575969e+02 1.492560643801212408e-03
8.062855985918141641e+02 1.460339380968840627e-03
8.146489566059417484e+02 1.428785913267077538e-03
8.230990652173696844e+02 1.397882535703458837e-03
8.316368242639524624e+02 1.367617930411735945e-03
8.402631429172920434e+02 1.337977729272750004e-03
8.489789397795536843e+02 1.308953946738253184e-03
8.577851429812873221e+02 1.280534936538955167e-03
8.666826902802612267e+02 1.252714368618675989e-03
8.756725291613232685e+02 1.225481397965654407e-03
8.847556169372968498e+02 1.198829341926937065e-03
8.939329208509228692e+02 1.172746815683364504e-03
9.032054181778606790e+02 1.147225790342138287e-03
9.125740963307561060e+02 1.122253390763274525e-03
9.220399529643889309e+02 1.097820284765832445e-03
9.316039960819128964e+02 1.073911737458794861e-03
9.412672441421939311e+02 1.050516896157714045e-03
9.510307261682665967e+02 1.027620135695027836e-03
9.608954818569113741e+02 1.005209753184564594e-03
9.708625616893709775e+02 9.832705595744055393e-04
9.809330270432138832e+02 9.617913583141385944e-04
9.911079503053587132e+02 9.407582866606298928e-04
1.001388414986271641e+03 9.201619312956867960e-04
1.011775515835346596e+03 8.999900641180747082e-04
1.022270358957484177e+03 8.802351784426517591e-04
1.032874061930877360e+03 8.608870120374330749e-04
1.043587753926022742e+03 8.419396447421113611e-04
1.054412575825962449e+03 8.233847743531184406e-04
1.065349680347775120e+03 8.052180926650017714e-04
1.076400232165327225e+03 7.874329285835657451e-04
1.087565408033296762e+03 7.700263026254942607e-04
1.098846396912484124e+03 7.529919177639864993e-04
1.110244400096422851e+03 7.363262716543756813e-04
1.121760631339302108e+03 7.200222928498814555e-04
1.133396316985219073e+03 7.040756068465828287e-04
1.145152696098769184e+03 6.884782271524237870e-04
1.157031020596992221e+03 6.732245818028929083e-04
1.169032555382686496e+03 6.583059791581386639e-04
1.181158578479107518e+03 6.437158134011788761e-04
1.193410381166060688e+03 6.294444255339745392e-04
1.205789268117409165e+03 6.154850157955512073e-04
1.218296557540005097e+03 6.018277022750437646e-04
1.230933581314063986e+03 5.884653744655408622e-04
1.243701685134995159e+03 5.753884822518524119e-04
1.256602228656700163e+03 5.625901871152477404e-04
1.269636585636362952e+03 5.500614516443009692e-04
1.282806144080736203e+03 5.377963517883643883e-04
1.296112306393950576e+03 5.257867969010636758e-04
1.309556489526851692e+03 5.140274860118421163e-04
1.323140125127891224e+03 5.025114743908808265e-04
1.336864659695579121e+03 4.912345180907753657e-04
1.350731554732519044e+03 4.801905122370104259e-04
1.364742286901042235e+03 4.693761889535207716e-04
1.378898348180453695e+03 4.587866430883035646e-04
1.393201246025911360e+03 4.484195077636644248e-04
1.407652503528951684e+03 4.382705767905405582e-04
1.422253659579682108e+03 4.283381322650543820e-04
1.437006269030654039e+03 4.186185366420481233e-04
1.451911902862436364e+03 4.091101158651970124e-04
1.466972148350907901e+03 3.998090572985742988e-04
1.482188609236281764e+03 3.907134100336888036e-04
1.497562905893886409e+03 3.818192213770366951e-04
1.513096675506716110e+03 3.731240703221995209e-04
1.528791572239772677e+03 3.646233962716713558e-04
1.544649267416212297e+03 3.563144738355586709e-04
1.560671449695325236e+03 3.481927075529707926e-04
1.576859825252355904e+03 3.402550166264527382e-04
1.593216117960191696e+03 3.324964430880603789e-04
1.609742069572934042e+03 3.249137974228290195e-04
1.626439439911377804e+03 3.175020988160535897e-04
1.643310007050407648e+03 3.102578676677964788e-04
1.660355567508345302e+03 3.031758827230768001e-04
1.677577936438256529e+03 2.962526192333507892e-04
1.694978947821243310e+03 2.894828996400599622e-04
1.712560454661742824e+03 2.828630712669743153e-04
1.730324329184850058e+03 2.763880914460391334e-04
1.748272463035686997e+03 2.700545705015174329e-04
1.766406767480842063e+03 2.638578132515071980e-04
1.784729173611897295e+03 2.577946861153496399e-04
1.803241632551066459e+03 2.518608984230355291e-04
1.821946115658967983e+03 2.460538643801290885e-04
1.840844614744549517e+03 2.403697663267822930e-04
1.859939142277195515e+03 2.348063180820933536e-04
1.879231731601029423e+03 2.293601264327456608e-04
1.898724437151442544e+03 2.240292979911331721e-04
1.918419334673864569e+03 2.188108377976331084e-04
1.938318521444809903e+03 2.137031406254879899e-04
1.958424116495210910e+03 2.087035091606883263e-04
1.978738260836071277e+03 2.038105749510467487e-04
1.999263117686456781e+03 1.990218978475853597e-04
2.020000872703854611e+03 1.943363587847947926e-04
2.040953734216918974e+03 1.897518004934020805e-04
2.062123933460633452e+03 1.852672458486169906e-04
2.083513724813912631e+03 1.808806245058388500e-04
2.105125386039662317e+03 1.765910382546839025e-04
2.126961218527340861e+03 1.723965484356600121e-04
2.149023547538025468e+03 1.682962878636996905e-04
2.171314722452027581e+03 1.642883106215436333e-04
2.193837117019074867e+03 1.603716441717865503e-04
2.216593129611084805e+03 1.565443258531505036e-04
2.239585183477568989e+03 1.528053639611717460e-04
2.262815727003673601e+03 1.491527174496666227e-04
2.286287233970910165e+03 1.455852423485679947e-04
2.310002203820580689e+03 1.421008414226353005e-04
2.333963161919939921e+03 1.386983649911711631e-04
2.358172659831118381e+03 1.353757323204094430e-04
2.382633275582832539e+03 1.321317002488787788e-04
2.407347613944915338e+03 1.289641112849626299e-04
2.432318306705694795e+03 1.258716645403962643e-04
2.457548012952246154e+03 1.228522444067774589e-04
2.483039419353556696e+03 1.199045751713678320e-04
2.508795240446620937e+03 1.170265457549448448e-04
2.534818218925512156e+03 1.142168287222429616e-04
2.561111125933441599e+03 1.114733202880506606e-04
2.587676761357857231e+03 1.087946974995844188e-04
2.614517954128597012e+03 1.061789002193941719e-04
2.641637562519136736e+03 1.036246300837827928e-04
2.669038474450964259e+03 1.011298921866877288e-04
2.696723607801106937e+03 9.869344608323485661e-05
2.724695910712855948e+03 9.631335884043026809e-05
2.752958361909701580e+03 9.398842170630503025e-05
2.781513971012541788e+03 9.171679371863705374e-05
2.810365778860163573e+03 8.949736314498874391e-05
2.839516857833061295e+03 8.732842892762365870e-05
2.868970312180608289e+03 8.520897659530916630e-05
2.898729278351622725e+03 8.313739513083507487e-05
2.928796925328363159e+03 8.111274836355954947e-05
2.959176454963987453e+03 7.913355037342812283e-05
2.989871102323514606e+03 7.719896959965418914e-05
3.020884136028318608e+03 7.530763251579245768e-05
3.052218858604199795e+03 7.345878661005598206e-05
3.083878606833068261e+03 7.165115753399340043e-05
3.115866752108265700e+03 6.988408189597368285e-05
3.148186700793583441e+03 6.815639141304301177e-05
3.180841894586002127e+03 6.646748790537439938e-05
3.213835810882188071e+03 6.481627232146020619e-05
3.247171963148798568e+03 6.320219563321440351e-05
3.280853901296623008e+03 6.162423785433524524e-05
3.314885212058607976e+03 6.008190917751242654e-05
3.349269519371802289e+03 5.857425777187452286e-05
3.384010484763262866e+03 5.710083013333965815e-05
3.419111807739967389e+03 5.566071896914378153e-05
3.454577226182765116e+03 5.425350430790013803e-05
3.490410516744420420e+03 5.287833707531120310e-05
3.526615495251779521e+03 5.153483597163596177e-05
3.563196017112113623e+03 5.022219779680786453e-05
3.600155977723673914e+03 4.894006054256517201e-05
3.637499312890507099e+03 4.768765451880681451e-05
3.675229999241570113e+03 4.646463703111803571e-05
3.713352054654195854e+03 4.527026753914959888e-05
3.751869538681950871e+03 4.410421383443022107e-05
3.790786552986930928e+03 4.296576352429274704e-05
3.830107241776537649e+03 4.185459103255899046e-05
3.869835792244789900e+03 4.077000322968660310e-05
3.909976435018212214e+03 3.971168052843414178e-05
3.950533444606342528e+03 3.867894518968064462e-05
3.991511139856923364e+03 3.767147629336150047e-05
4.032913884415805114e+03 3.668861339786830440e-05
4.074746087191624611e+03 3.573004145543212342e-05
4.117012202825300847e+03 3.479511261493828400e-05
4.159716732164402856e+03 3.388350626822899997e-05
4.202864222742440688e+03 3.299458655547239498e-05
4.246459269263119495e+03 3.212803155261166686e-05
4.290506514089623124e+03 3.128321342668758997e-05
4.335010647738976331e+03 3.045980770615832226e-05
4.379976409381521080e+03 2.965719678124479301e-05
4.425408587345592423e+03 2.887505963016589753e-05
4.471312019627411246e+03 2.811279924890434852e-05
4.517691594406283912e+03 2.737009892713194225e-05
4.564552250565122449e+03 2.664637467481450157e-05
4.611898978216392607e+03 2.594131639640402190e-05
4.659736819233493407e+03 2.525436085457415331e-05
4.708070867787660063e+03 2.458520608657463049e-05
4.756906270890434826e+03 2.393330519541173799e-05
4.806248228941760317e+03 2.329836121365561134e-05
4.856101996283766312e+03 2.267983893539143297e-05
4.906472881760292694e+03 2.207744106381729715e-05
4.957366249282218632e+03 2.149064725125996976e-05
5.008787518398660723e+03 2.091916990009426888e-05
5.060742164874082846e+03 2.036250606431547937e-05
5.113235721271411421e+03 1.982037563277442413e-05
5.166273777541182426e+03 1.929229813145496260e-05
5.219861981616808407e+03 1.877801230194129763e-05
5.274006040016015504e+03 1.827706574861379284e-05
5.328711718448523243e+03 1.778921268416363462e-05
5.383984842430020763e+03 1.731402220009650481e-05
5.439831297902524966e+03 1.685126074219469986e-05
5.496257031861154246e+03 1.640051838163806951e-05
5.553268052987418741e+03 1.596157533908418343e-05
5.610870432289078053e+03 1.553404219148876099e-05
5.669070303746627360e+03 1.511770709817501843e-05
5.727873864966496512e+03 1.471219218974314168e-05
5.787287377841023044e+03 1.431728840440892632e-05
5.847317169215269132e+03 1.393263084243283647e-05
5.907969631560761627e+03 1.355801921959786040e-05
5.969251223656207003e+03 1.319310683587948729e-05
6.031168471275285810e+03 1.283770535378598492e-05
6.093727967881562108e+03 1.249148774170287732e-05
6.156936375330616102e+03 1.215427833137360008e-05
6.220800424579452738e+03 1.182576964116596490e-05
6.285326916403268115e+03 1.150579951276043394e-05
6.350522722119655555e+03 1.119408051437286172e-05
6.416394784320319559e+03 1.089046258971753250e-05
6.482950117610376765e+03 1.059467526212977372e-05
6.550195809355338497e+03 1.030657789617711374e-05
6.618139020435821294e+03 1.002591449098093346e-05
6.686786986010105466e+03 9.752551977548489607e-06
6.756147016284593519e+03 9.486247821659390218e-06
6.826226497292258500e+03 9.226876337909769866e-06
6.897032891679171371e+03 8.974207675485091089e-06
6.968573739499184740e+03 8.728122637517222223e-06
7.040856659016869344e+03 8.488402880280671335e-06
7.113889347518756040e+03 8.254935160949389262e-06
7.187679582133014264e+03 8.027512832016916701e-06
7.262235220657627906e+03 7.806029052187370704e-06
7.337564202397156805e+03 7.590288274514624622e-06
7.413674549008172107e+03 7.380189300822000392e-06
7.490574365353487337e+03 7.175547259185288210e-06
7.568271840365207936e+03 6.976266730169586831e-06
7.646775247916778426e+03 6.782173470696185435e-06
7.726092947704038124e+03 6.593177673650837714e-06
7.806233386135443652e+03 6.409114869998921005e-06
7.887205097231498257e+03 6.229900064701676668e-06
7.969016703533539840e+03 6.055377837294430815e-06
8.051676917021930421e+03 5.885467322297082049e-06
8.135194540043785310e+03 5.720021031444712657e-06
8.219578466250319252e+03 5.558961559612993138e-06
8.304837681543915096e+03 5.402149093677326947e-06
8.390981265035019533e+03 5.249509817337325603e-06
8.478018390008961433e+03 5.100911488799287293e-06
8.565958324902798267e+03 4.956283668426918932e-06
8.654810434292299760e+03 4.815501145283955215e-06
8.744584179889159714e+03 4.678496552642720512e-06
8.835289121548565163e+03 4.545151321859159110e-06
8.926934918287204709e+03 4.415400721318085091e-06
9.019531329311841546e+03 4.289132158182224864e-06
9.113088215058556671e+03 4.166283256751460169e-06
9.207615538242764160e+03 4.046747277165516185e-06
9.303123364920136737e+03 3.930464293430480633e-06
9.399621865558508944e+03 3.817333287063696040e-06
9.497121316120923439e+03 3.707296611412970224e-06
9.595632099159889549e+03 3.600258600242620971e-06
9.695164704923021418e+03 3.496163684267166113e-06
9.795729732470108502e+03 3.394921202542021817e-06
9.897337890801803951e+03 3.296477353055485338e-06
1.000000000000000000e+04 3.200746092879162630e-06
