3.333333333333338144e-01 1.683981716137280671e+02
3.367908997460021259e-01 1.677181291739896949e+02
3.402843304551644299e-01 1.670374537244283886e+02
3.438139974703817159e-01 1.663547021626794162e+02
3.473802766599581870e-01 1.656710898030124781e+02
3.509835477909668544e-01 1.649848250204333624e+02
3.546241945696904097e-01 1.642974812654209131e+02
3.583026046824815958e-01 1.636069289264128201e+02
3.620191698370467392e-01 1.629150896943890814e+02
3.657742858041586054e-01 1.622195070066852054e+02
3.695683524598011305e-01 1.615224409043131004e+02
3.734017738277517484e-01 1.608211187467396996e+02
3.772749581226044757e-01 1.601181287192692082e+02
3.811883177932411382e-01 1.594103929904645724e+02
3.851422695667514606e-01 1.587008176598544935e+02
3.891372344928099025e-01 1.579860307715990473e+02
3.931736379885128474e-01 1.572692460888729613e+02
3.972519098836799212e-01 1.565468088300228260e+02
4.013724844666262670e-01 1.558222302549080780e+02
4.055358005304094959e-01 1.550915843106871534e+02
4.097423014195549773e-01 1.543586694607171808e+02
4.139924350772679063e-01 1.536192999753736501e+02
4.182866540931337029e-01 1.528775510619121576e+02
4.226254157513131271e-01 1.521289890440449994e+02
4.270091820792383253e-01 1.513779553091968637e+02
4.314384198968125861e-01 1.506197801609142743e+02
4.359136008661224082e-01 1.498590605288739255e+02
4.404352015416623245e-01 1.490909028329733985e+02
4.450037034210841402e-01 1.483201488197120455e+02
4.496195929964693638e-01 1.475416933590415169e+02
4.542833618061358214e-01 1.467606121298657627e+02
4.589955064869806756e-01 1.459716009462612192e+02
4.637565288273658437e-01 1.451799583800605831e+02
4.685669358205531987e-01 1.443801938510551963e+02
4.734272397186933268e-01 1.435778176211389621e+02
4.783379580873741710e-01 1.427671655904293004e+02
4.832996138607359993e-01 1.419539483522236196e+02
4.883127353971573048e-01 1.411323413434648160e+02
4.933778565355193546e-01 1.403082439435890478e+02
4.984955166520538827e-01 1.394756843724230180e+02
5.036662607177794238e-01 1.386407390563404647e+02
5.088906393565355568e-01 1.377973024371552526e+02
5.141692089036168367e-01 1.369516160389470372e+02
5.195025314650170145e-01 1.360974541227129464e+02
5.248911749772857682e-01 1.352412111404493089e+02
5.303357132680082131e-01 1.343765549559505530e+02
5.358367261169100226e-01 1.335100205367533022e+02
5.413947993175979301e-01 1.326351832720479251e+02
5.470105247399393855e-01 1.317587059747433216e+02
5.526845003930900280e-01 1.308740856362385045e+02
5.584173304891746348e-01 1.299880999931517067e+02
5.642096255076282096e-01 1.290941818587571390e+02
5.700620022602063131e-01 1.281992106825481699e+02
5.759750839566663005e-01 1.272965694195120818e+02
5.819495002711333465e-01 1.263932257332128444e+02
5.879858874091531407e-01 1.254825271361194723e+02
5.940848881754395849e-01 1.245715156810761925e+02
6.002471520423272588e-01 1.236535179013294226e+02
6.064733352189313198e-01 1.227356360884237176e+02
6.127641007210270496e-01 1.218111903070023487e+02
6.191201184416527115e-01 1.208873286108699716e+02
6.255420652224459310e-01 1.199573791177249689e+02
6.320306249257188203e-01 1.190285208042977416e+02
6.385864885072815023e-01 1.180941043285315715e+02
6.452103540900211431e-01 1.171613243899416972e+02
6.519029270382437069e-01 1.162235686006474111e+02
6.586649200327864273e-01 1.152880317912767936e+02
6.654970531469110995e-01 1.143481528217393048e+02
6.724000539229825213e-01 1.134111106795045316e+02
6.793746574499439639e-01 1.124704096186712547e+02
6.864216064415947782e-01 1.115331964254050803e+02
6.935416513156815732e-01 1.105930546881270828e+02
7.007355502738084052e-01 1.096570822303817607e+02
7.080040693821764153e-01 1.087189556592612263e+02
7.153479826531612407e-01 1.077857066814975013e+02
7.227680721277359721e-01 1.068511182908092110e+02
7.302651279587496491e-01 1.059221385229458292e+02
7.378399484950689535e-01 1.049926697591110667e+02
7.454933403665933156e-01 1.040695584368711053e+02
7.532261185701514261e-01 1.031468389125024743e+02
7.610391065562894797e-01 1.022312377435757327e+02
7.689331363169579214e-01 1.013169333698923538e+02
7.769090484741095759e-01 1.004105138527880143e+02
7.849676923692159303e-01 9.950631329438787986e+01
7.931099261537125633e-01 9.861076234861330647e+01
8.013366168803812695e-01 9.771836176869906865e+01
8.096486405956818677e-01 9.683536563986922374e+01
8.180468824330403566e-01 9.595645172217767538e+01
8.265322367071058496e-01 9.508767819150740763e+01
8.351056070089840633e-01 9.422390949629823353e+01
8.437679063024597914e-01 9.337098845724148077e+01
8.525200570212163598e-01 9.252397517290175699e+01
8.613629911670640515e-01 9.168847764905559927e+01
8.702976504091883836e-01 9.085975984886866286e+01
8.793249861844251170e-01 9.004317560028727030e+01
8.884459597985792101e-01 8.923420017190028375e+01
8.976615425287903793e-01 8.843791407949105121e+01
9.069727157269649176e-01 8.765001055977035094e+01
9.163804709242773239e-01 8.687527806883004189e+01
9.258858099367560657e-01 8.610963369863257810e+01
9.354897449719665747e-01 8.535755565769173359e+01
9.451932987367986927e-01 8.461519001825750763e+01
9.549975045463731105e-01 8.388668731499561204e+01
9.649034064340779038e-01 8.316842699689908613e+01
9.749120592627450455e-01 8.246421548297719539e+01
9.850245288369814389e-01 8.177066931288233320e+01
9.952418920166649086e-01 8.109123558460720460e+01
1.005565236831616582e+00 8.042277102843068803e+01
1.015995662597464211e+00 7.976834972880259045e+01
1.026534280032705082e+00 7.912507117408301838e+01
1.037182211376986407e+00 7.849562454979091797e+01
1.047940590510608505e+00 7.787735423277362656e+01
1.058810563075272437e+00 7.727255474863446238e+01
1.069793286596074644e+00 7.667881716686987659e+01
1.080889930604772564e+00 7.609803404732244303e+01
1.092101676764323903e+00 7.552804475090930225e+01
1.103429718994721087e+00 7.497033536497522732e+01
1.114875263600129562e+00 7.442299506421514366e+01
1.126439529397345041e+00 7.388710210131735323e+01
1.138123747845583233e+00 7.336099703720459786e+01
1.149929163177616509e+00 7.284535240977747605e+01
1.161857032532268796e+00 7.233876190913727555e+01
1.173908626088286722e+00 7.184149828241802993e+01
1.186085227199600078e+00 7.135241036593228614e+01
1.198388132531982064e+00 7.087138113401567807e+01
1.210818652201130607e+00 7.039751693790501008e+01
1.223378109912179657e+00 6.993032533759028979e+01
1.236067843100657315e+00 6.946917295887953969e+01
1.248889203074909915e+00 6.901321082907529103e+01
1.261843555159997798e+00 6.856206898435596031e+01
1.274932278843087241e+00 6.811456542545106174e+01
1.288156767920350498e+00 6.767059703049373809e+01
1.301518430645388857e+00 6.722867690584541833e+01
1.315018689879193570e+00 6.678897233662974031e+01
1.328658983241665981e+00 6.634972417432088321e+01
1.342440763264704850e+00 6.591137355291397171e+01
1.356365497546887511e+00 6.547192595869663023e+01
1.370434668909747966e+00 6.503209932878937138e+01
1.384649775555683693e+00 6.458970451001081869e+01
1.399012331227493799e+00 6.414573822655769675e+01
1.413523865369576527e+00 6.369786066295835525e+01
1.428185923290797188e+00 6.324734773960276613e+01
1.443000066329044984e+00 6.279175544385886809e+01
1.457967872017497335e+00 6.233263699978181904e+01
1.473090934252608619e+00 6.186749220621199186e+01
1.488370863463842619e+00 6.139814655775579411e+01
1.503809286785162680e+00 6.092209209891245791e+01
1.519407848228303770e+00 6.044141748787230028e+01
1.535168208857840222e+00 5.995365460059542784e+01
1.551092046968069571e+00 5.946114108131836673e+01
1.567181058261730486e+00 5.896149397731078068e+01
1.583436956030577880e+00 5.845727965545665228e+01
1.599861471337824748e+00 5.794624195280012913e+01
1.616456353202483820e+00 5.743114863405924098e+01
1.633223368785615470e+00 5.690990673246604814e+01
1.650164303578509628e+00 5.638545016313639735e+01
1.667280961592821686e+00 5.585587892180027580e+01
1.684575165552675502e+00 5.532424924456208259e+01
1.702048757088765685e+00 5.478887594292965701e+01
1.719703596934467615e+00 5.425288480540670122e+01
1.737541565123983833e+00 5.371481838722553448e+01
1.755564561192547224e+00 5.317781037472479255e+01
1.773774504378697436e+00 5.264063442961060701e+01
1.792173333828658732e+00 5.210636216867410297e+01
1.810763008802835916e+00 5.157399200316724830e+01
1.829545508884452554e+00 5.104645639626610887e+01
1.848522834190353681e+00 5.052296286622091515e+01
1.867697005583994541e+00 5.000622242547461838e+01
1.887070064890639776e+00 4.949562787633836081e+01
1.906644075114792614e+00 4.899358393554850721e+01
1.926421120659882247e+00 4.849963851095127154e+01
1.946403307550227613e+00 4.801580606519572569e+01
1.966592763655304221e+00 4.754175562022818013e+01
1.986991638916337122e+00 4.707903246292244859e+01
2.007602105575247098e+00 4.662739211971836539e+01
2.028426358405964081e+00 4.618784155240354750e+01
2.049466614948150855e+00 4.576019126652501967e+01
2.070725115743340172e+00 4.534485562464395514e+01
2.092204124573528556e+00 4.494167564830342343e+01
2.113905928702243031e+00 4.455043885858280817e+01
2.135832839118106730e+00 4.417100332323566647e+01
2.157987190780933151e+00 4.380252031514822164e+01
2.180371342870370821e+00 4.344486594850953765e+01
2.202987679037129887e+00 4.309657463989947956e+01
2.225838607656812407e+00 4.275755856986324943e+01
2.248926562086376091e+00 4.242578606995363799e+01
2.272254000923258577e+00 4.210124154488359238e+01
2.295823408267188892e+00 4.178141003790494779e+01
2.319637293984715409e+00 4.146640167474713223e+01
2.343698193976478272e+00 4.115333124056355274e+01
2.368008670447251607e+00 4.084250230144930782e+01
2.392571312178788823e+00 4.053079803878966914e+01
2.417388734805498096e+00 4.021879173036462873e+01
2.442463581092976455e+00 3.990329163639886900e+01
2.467798521219434438e+00 3.958521735891722670e+01
2.493396253060036649e+00 3.926146649419720092e+01
2.519259502474196832e+00 3.893337151708358590e+01
2.545391023595847901e+00 3.859807838483955322e+01
2.571793599126724672e+00 3.825737707143098731e+01
2.598470040632692157e+00 3.790880145953543234e+01
2.625423188843141187e+00 3.755460957932778854e+01
2.652655913953494871e+00 3.719282905794493388e+01
2.680171115930849446e+00 3.682615159333279564e+01
2.707971724822788140e+00 3.645315802756362444e+01
2.736060701069396028e+00 3.607688663840524868e+01
2.764441035818514081e+00 3.569647565407778700e+01
2.793115751244258149e+00 3.531516746776247118e+01
2.822087900868848642e+00 3.493260323977913373e+01
2.851360569887773977e+00 3.455203581690613390e+01
2.880936875498326000e+00 3.417350016798825152e+01
2.910819967231547345e+00 3.380002701826548162e+01
2.941013027287619597e+00 3.343189355378871142e+01
2.971519270874728669e+00 3.307165760518670794e+01
3.002341946551447371e+00 3.271966484553659171e+01
3.033484336572671580e+00 3.237775941865900364e+01
3.064949757239138872e+00 3.204618653837309239e+01
3.096741559250576703e+00 3.172587896599203461e+01
3.128863128062512544e+00 3.141684768518673820e+01
3.161317884246788612e+00 3.111899338469198284e+01
3.194109283855806058e+00 3.083202344341323453e+01
3.227240818790561683e+00 3.055479198462672841e+01
3.260716017172489156e+00 3.028672012490956078e+01
3.294538443719164267e+00 3.002572535252445007e+01
3.328711700123907491e+00 2.977105600303744737e+01
3.363239425439321195e+00 2.951992859001513025e+01
3.398125296464803657e+00 2.927161973648614079e+01
3.433373028138089200e+00 2.902298645492040663e+01
3.468986373930843747e+00 2.877359307249535547e+01
3.504969126248365541e+00 2.852034208612553101e+01
3.541325116833432318e+00 2.826335443755206001e+01
3.578058217174338029e+00 2.799998520771102406e+01
3.615172338917159944e+00 2.773112778356363251e+01
3.652671434282301899e+00 2.745492699361642863e+01
3.690559496485364299e+00 2.717314606124103804e+01
3.728840560162369755e+00 2.688491734657813836e+01
3.767518701799407399e+00 2.659279965144043345e+01
3.806598040166730978e+00 2.629692076473542173e+01
3.846082736757359122e+00 2.600036451632866630e+01
3.885976996230226632e+00 2.570405671583973728e+01
3.926285066857928108e+00 2.541115727631069987e+01
3.967011240979115172e+00 2.512301852961041604e+01
4.008159855455575737e+00 2.484231636220634343e+01
4.049735292134061915e+00 2.457036405030795123e+01
4.091741978312901651e+00 2.430879390642011728e+01
4.134184387213460710e+00 2.405843833989685265e+01
4.177067038456482528e+00 2.381946429586551162e+01
4.220394498543374340e+00 2.359193582410672718e+01
4.264171381342495515e+00 2.337440084787119687e+01
4.308402348580468555e+00 2.316612901923468826e+01
4.353092110338608656e+00 2.296424750208830190e+01
4.398245425554482502e+00 2.276751169048762691e+01
4.443867102528690438e+00 2.257217850769118783e+01
4.489961999436884454e+00 2.237702810178424784e+01
4.536535024847114350e+00 2.217824648446068281e+01
4.583591138242527840e+00 2.197529047676445302e+01
4.631135350549502760e+00 2.176512494914769746e+01
4.679172724671245120e+00 2.154843020307435353e+01
4.727708376026935611e+00 2.132360154141638375e+01
4.776747473096460084e+00 2.109275553722807572e+01
4.826295237970788854e+00 2.085594794392804729e+01
4.876356946908074086e+00 2.061645423838913516e+01
4.926937930895507911e+00 2.037568812834938825e+01
4.978043576217005217e+00 2.013731305357913115e+01
5.029679325026786607e+00 1.990333419118589475e+01
5.081850675928900607e+00 1.967672921635699268e+01
5.134563184562763283e+00 1.945912435327591083e+01
5.187822464194765004e+00 1.925179170720414845e+01
5.241634186316022515e+00 1.905518921479991690e+01
5.296004081246323381e+00 1.886833084691379270e+01
5.350937938744337430e+00 1.869026713413322938e+01
5.406441608624162676e+00 1.851797118222928873e+01
5.462521001378256358e+00 1.834957734650632588e+01
5.519182088806838138e+00 1.818103211653800955e+01
5.576430904653814302e+00 1.801063564789896887e+01
5.634273545249304682e+00 1.783479146865988341e+01
5.692716170158822919e+00 1.765317174352760787e+01
5.751765002839206886e+00 1.746398360672836603e+01
5.811426331301341008e+00 1.726897024046633433e+01
5.871706508779751310e+00 1.706870872020594376e+01
5.932611954409160226e+00 1.686670792685536924e+01
5.994149153908037597e+00 1.666535105372228998e+01
6.056324660269268634e+00 1.646855239107130942e+01
6.119145094457953071e+00 1.627900733949034517e+01
6.182617146116478501e+00 1.609916089596752542e+01
6.246747574276876769e+00 1.593035296871564910e+01
6.311543208080586886e+00 1.577213338119191732e+01
6.377010947505679539e+00 1.562362692841817413e+01
6.443157764101621332e+00 1.548141575179635154e+01
6.509990701731662277e+00 1.534300019501849732e+01
6.577516877322934441e+00 1.520353731185589830e+01
6.645743481624305282e+00 1.506074804424172697e+01
6.714677779972126004e+00 1.491081622891113412e+01
6.784327113063890025e+00 1.475368624252581107e+01
6.854698897739945451e+00 1.458850573892305569e+01
6.925800627773284646e+00 1.441816895918403674e+01
6.997639874667562765e+00 1.424489810160732439e+01
7.070224288463359485e+00 1.407319046191068068e+01
7.143561598552826908e+00 1.390640337674953209e+01
7.217659614502776044e+00 1.374782404475470265e+01
7.292526226886307583e+00 1.359922074516944868e+01
7.368169408123062425e+00 1.346027285335278378e+01
7.444597213328190577e+00 1.332972134897953964e+01
7.521817781170134332e+00 1.320359763874115977e+01
7.599839334737287899e+00 1.307879943993990324e+01
7.678670182413677381e+00 1.295041866370761063e+01
7.758318718763691280e+00 1.281660025875664921e+01
7.838793425426009875e+00 1.267509373502863745e+01
7.920102872016802742e+00 1.252769990615908213e+01
8.002255717042292105e+00 1.237635570440010646e+01
8.085260708820777964e+00 1.222577588832445983e+01
8.169126686414232452e+00 1.207999681573156714e+01
8.253862580569567342e+00 1.194284049163441175e+01
8.339477414669639543e+00 1.181638556353942526e+01
8.425980305694142913e+00 1.169987040014930813e+01
8.513380465190460100e+00 1.159125356207220392e+01
8.601687200254586330e+00 1.148534909119203640e+01
8.690909914522224611e+00 1.137822254059655336e+01
8.781058109170157167e+00 1.126471313100117300e+01
8.872141383928022762e+00 1.114371005366709610e+01
8.964169438100565657e+00 1.101472829189701486e+01
9.057152071600496512e+00 1.088158430735195381e+01
9.151099185992082496e+00 1.074834669066384230e+01
9.246020785545528753e+00 1.062025676552423903e+01
9.341926978302334206e+00 1.050082961707480145e+01
9.438827977151667881e+00 1.039089599029315281e+01
9.536734100917927393e+00 1.028908304096638027e+01
9.635655775459575523e+00 1.019049495316819787e+01
9.735603534779363244e+00 1.009089481143250566e+01
9.836588022146084853e+00 9.985185612773802788e+00
9.938619991227966466e+00 9.872606542623556081e+00
1.004171030723779801e+01 9.753909056127001875e+00
1.014586994808994902e+01 9.634028801723131252e+00
1.025111000556939800e+01 9.518112575315644364e+00
1.035744168651287112e+01 9.410830432768245046e+00
1.046487631400224494e+01 9.314181304637106251e+00
1.057342532857031081e+01 9.225797262486832295e+00
1.068310028941907319e+01 9.141495049492029068e+00
1.079391287565066015e+01 9.054376599693336303e+00
1.090587488751101475e+01 8.960737199118375074e+00
1.101899824764647384e+01 8.858438714096156019e+00
1.113329500237341385e+01 8.750961965234072437e+00
1.124877732296101662e+01 8.643323691976871004e+00
1.136545750692738110e+01 8.541553037988011354e+00
1.148334797934906426e+01 8.449055251503239106e+00
1.160246129418420225e+01 8.364645165168425933e+00
1.172281013560936991e+01 8.284374897821500383e+00
1.184440731937027991e+01 8.201404611443789960e+00
1.196726579414653102e+01 8.112220203717072309e+00
1.209139864293047673e+01 8.015818078397925817e+00
1.221681908442041653e+01 7.916992396169131752e+00
1.234354047442822555e+01 7.821896415638915911e+00
1.247157630730161060e+01 7.735763202814672113e+00
1.260094021736107806e+01 7.659797021281137042e+00
1.273164598035184447e+01 7.589278359354586279e+00
1.286370751491078934e+01 7.518008336532806979e+00
1.299713888404862061e+01 7.439324817253850419e+00
1.313195429664743408e+01 7.352849271785941276e+00
1.326816810897378396e+01 7.262185896181763134e+00
1.340579482620745821e+01 7.174648344521783905e+00
1.354484910398610786e+01 7.095492066818425592e+00
1.368534574996591680e+01 7.024433495425046026e+00
1.382729972539842400e+01 6.956838542572619133e+00
1.397072614672372737e+01 6.885096150141873927e+00
1.411564028718022357e+01 6.806412583530859095e+00
1.426205757843100841e+01 6.722712963555422583e+00
1.440999361220718455e+01 6.641387642834369665e+00
1.455946414196817962e+01 6.568803566341474998e+00
1.471048508457933046e+01 6.505470688786860300e+00
1.486307252200682782e+01 6.446319867389386005e+00
1.501724270303026287e+01 6.382557899384509348e+00
1.517301204497291778e+01 6.310755386296535541e+00
1.533039713545004723e+01 6.233276378416313435e+00
1.548941473413524328e+01 6.158163349019301513e+00
1.565008177454514993e+01 6.091381992082735231e+00
1.581241536584268914e+01 6.031625232839106232e+00
1.597643279465897947e+01 5.972532921012200013e+00
1.614215152693417465e+01 5.906796319999553901e+00
1.630958920977736426e+01 5.835157994328604936e+00
1.647876367334579584e+01 5.764289359377348987e+00
1.664969293274356943e+01 5.701720521138201825e+00
1.682239518994005323e+01 5.648336827118291659e+00
1.699688883570816245e+01 5.596233987989157832e+00
1.717319245158276786e+01 5.537877359176304637e+00
1.735132481183941167e+01 5.471530512376992839e+00
1.753130488549355448e+01 5.404757647780447094e+00
1.771315183832054174e+01 5.345312781373638522e+00
1.789688503489655602e+01 5.292949995858643675e+00
1.808252404066069019e+01 5.240602335481157503e+00
1.827008862399845412e+01 5.181086916593088176e+00
1.845959875834688191e+01 5.117433140055517526e+00
1.865107462432146690e+01 5.058429840826359047e+00
1.884453661186513784e+01 5.008851468384306393e+00
1.904000532241958510e+01 4.963757975978767334e+00
1.923750157111905423e+01 4.912765912858611195e+00
1.943704638900691961e+01 4.854209969889430987e+00
1.963866102527523694e+01 4.795531649902461169e+00
1.984236694952754476e+01 4.744501701501609325e+00
2.004818585406512454e+01 4.699062076246232955e+00
2.025613965619696444e+01 4.649492442820989169e+00
2.046625050057372164e+01 4.593554935078841162e+00
2.067854076154583609e+01 4.538913484413151345e+00
2.089303304554617569e+01 4.493271332702755139e+00
2.110975019349732307e+01 4.453107866348969601e+00
2.132871528324388422e+01 4.407229648379734854e+00
2.154995163201001418e+01 4.354190049296800424e+00
2.177348279888240512e+01 4.302919997170985944e+00
2.199933258731908481e+01 4.259478619531495092e+00
2.222752504768418547e+01 4.217937847301680421e+00
2.245808447980903821e+01 4.169524173283703838e+00
2.269103543557980274e+01 4.118786529407814534e+00
2.292640272155198033e+01 4.075812603468722983e+00
2.316421140159201641e+01 4.039202652478066646e+00
2.340448679954629441e+01 3.998351178329698552e+00
2.364725450193784084e+01 3.950001397127808289e+00
2.389254036069100096e+01 3.904465939547784537e+00
2.414037049588434414e+01 3.866514208272963327e+00
2.439077129853215808e+01 3.826755126191160983e+00
2.464376943339479098e+01 3.780762680357212968e+00
2.489939184181813303e+01 3.737578046738330162e+00
2.515766574460254645e+01 3.703001799011309103e+00
2.541861864490156719e+01 3.667901762562115753e+00
2.568227833115067327e+01 3.624549061827248675e+00
2.594867288002642880e+01 3.582174475489186882e+00
2.621783065943631641e+01 3.547298700552089734e+00
2.648978033153959188e+01 3.510456245841797163e+00
2.676455085579946669e+01 3.467941835819012386e+00
2.704217149206696291e+01 3.430303669075930095e+00
2.732267180369672488e+01 3.399658308287464514e+00
2.760608166069518887e+01 3.364403653485012580e+00
2.789243124290138098e+01 3.323482745509212855e+00
2.818175104320072677e+01 3.288412762752130014e+00
2.847407187077217827e+01 3.256467560175997367e+00
2.876942485436903496e+01 3.217982149955817217e+00
2.906784144563378192e+01 3.181379642218264969e+00
2.936935342244735736e+01 3.153042688031883145e+00
2.967399289231307336e+01 3.120613922094747306e+00
2.998179229577573324e+01 3.082788162847440727e+00
3.029278440987614474e+01 3.051098163205179237e+00
3.060700235164151195e+01 3.020398650377111416e+00
3.092447958161200461e+01 2.984008341787295571e+00
3.124524990740388120e+01 2.952818901305334087e+00
3.156934748730968465e+01 2.926316622358408281e+00
3.189680683393561367e+01 2.892854723596430588e+00
3.222766281787676235e+01 2.859785318009889554e+00
3.256195067143043786e+01 2.832143276609540017e+00
3.289970599234792559e+01 2.799529309002777300e+00
3.324096474762534115e+01 2.768033378769565900e+00
3.358576327733358369e+01 2.743393196334330764e+00
3.393413829848819319e+01 2.713104215249888984e+00
3.428612690895927528e+01 2.681623271603458480e+00
3.464176659142197678e+01 2.655618268065990328e+00
3.500109521734796658e+01 2.624721408798885047e+00
3.536415105103828438e+01 2.596127973767714092e+00
3.573097275369807591e+01 2.572811789845530939e+00
3.610159938755354148e+01 2.542758532267649585e+00
3.647607042001157396e+01 2.515208390885683265e+00
3.685442572786263327e+01 2.489741938698212920e+00
3.723670560152714870e+01 2.459633157540845882e+00
3.762295074934591099e+01 2.436661547544344941e+00
3.801320230191515037e+01 2.411483680988529610e+00
3.840750181646635042e+01 2.382817858369791431e+00
3.880589128129168586e+01 2.359818728556658307e+00
3.920841312021524061e+01 2.331723641935740776e+00
3.961511019711067405e+01 2.307982514931312235e+00
4.002602582046572621e+01 2.285902383229085899e+00
4.044120374799403095e+01 2.258489267122079980e+00
4.086068819129484808e+01 2.236452274811498331e+00
4.128452382056104852e+01 2.210249985144779217e+00
4.171275576933598472e+01 2.188532919512236941e+00
4.214542963931965147e+01 2.167022679538092689e+00
4.258259150522481917e+01 2.141938713575388675e+00
4.302428791968333144e+01 2.121782725111334145e+00
4.347056591820353333e+01 2.097105395861087906e+00
4.392147302417892973e+01 2.078969676567704372e+00
4.437705725394887679e+01 2.057073800064758817e+00
4.483736712191181084e+01 2.036762782640939573e+00
4.530245164569141281e+01 2.016318448844200972e+00
4.577236035135642567e+01 1.996168110920908845e+00
4.624714327869462949e+01 1.979634390664108956e+00
4.672685098654144298e+01 1.958369142649722727e+00
4.721153455816390476e+01 1.941002924561774146e+00
4.770124560670041802e+01 1.919996616445330373e+00
4.819603628065692646e+01 1.904926611297995453e+00
4.869595926946014686e+01 1.883751848481183711e+00
4.920106780906839816e+01 1.866351633513556596e+00
4.971141568764055307e+01 1.844939663835457599e+00
5.022705725126387932e+01 1.829067111636517806e+00
5.074804740974129658e+01 1.807476481415269731e+00
5.127444164243855340e+01 1.789230111546153967e+00
5.180629600419220537e+01 1.767297285690034636e+00
5.234366713127874249e+01 1.750811503606110930e+00
5.288661224744573275e+01 1.728838122831652058e+00
5.343518917000547219e+01 1.710310738168376421e+00
5.398945631599183059e+01 1.688978784008774214e+00
5.454947270838102469e+01 1.672084909714278478e+00
5.511529798237680211e+01 1.651356133391844505e+00
5.568699239176103077e+01 1.632178970631998904e+00
5.626461681530983583e+01 1.613941446957346537e+00
5.684823276327663422e+01 1.595151409718807090e+00
5.743790238394219472e+01 1.577778641657054060e+00
5.803368847023271115e+01 1.557852232815086779e+00
5.863565446640650691e+01 1.542570244123201428e+00
5.924386447481010975e+01 1.523482593264952500e+00
5.985838326270445009e+01 1.506363078157917812e+00
6.047927626916170141e+01 1.490806832294920614e+00
6.110660961203392816e+01 1.472849534868394317e+00
6.174045009499373293e+01 1.457301108759793129e+00
6.238086521464814638e+01 1.440175608013020359e+00
6.302792316772620751e+01 1.424905559616332473e+00
6.368169285834112259e+01 1.409856897945684251e+00
6.434224390532769178e+01 1.392777772941478531e+00
6.500964664965600548e+01 1.378818489822737803e+00
6.568397216192185795e+01 1.363498291772416993e+00
6.636529224991495823e+01 1.347032844818842223e+00
6.705367946626563480e+01 1.334251896828770656e+00
6.774920711617077984e+01 1.319570835378285789e+00
6.845194926520012757e+01 1.303668643530196070e+00
6.916198074718322175e+01 1.290740912134029639e+00
6.987937717217842248e+01 1.276600265206971008e+00
7.060421493452454911e+01 1.261340510779110913e+00
7.133657122097582715e+01 1.248445730964074185e+00
7.207652401892151772e+01 1.235582663806706449e+00
7.282415212469062737e+01 1.221755894110648111e+00
7.357953515194274985e+01 1.207618028233556684e+00
7.434275354014606307e+01 1.194601549463760737e+00
7.511388856314310658e+01 1.182558366168171116e+00
7.589302233780561835e+01 1.168436066673103513e+00
7.668023783277887162e+01 1.154748801723697982e+00
7.747561887731697539e+01 1.143717801943166190e+00
7.827925017020966436e+01 1.131673648863095849e+00
7.909121728880178637e+01 1.119155263328789340e+00
7.991160669810622608e+01 1.105831725093648465e+00
8.074050576001141621e+01 1.093093854306290913e+00
8.157800274258441675e+01 1.082232298435547024e+00
8.242418682947037212e+01 1.070249418498273597e+00
8.327914812938959699e+01 1.058179084219444510e+00
8.414297768573300118e+01 1.045563983422856502e+00
8.501576748625727475e+01 1.033321203344273354e+00
8.589761047288038753e+01 1.022918572939759185e+00
8.678860055157886677e+01 1.012239711897110928e+00
8.768883260238773403e+01 1.002727946264275305e+00
8.859840248950406760e+01 9.917439379366448371e-01
8.951740707149538423e+01 9.809692881132100473e-01
9.044594421161406217e+01 9.693181954950682577e-01
9.138411278821851624e+01 9.578010688622731195e-01
9.233201270530261695e+01 9.465267404241345384e-01
9.328974490313436263e+01 9.352614510940064907e-01
9.425741136900477102e+01 9.247263448132730934e-01
9.523511514808836864e+01 9.138839316624647324e-01
9.622296035441624440e+01 9.037741922062403344e-01
9.722105218196305998e+01 8.931525201809612513e-01
9.822949691584895504e+01 8.831455129494509837e-01
9.924840194365756929e+01 8.726173651888657901e-01
1.002778757668717589e+02 8.626038986929437380e-01
1.013180280124275328e+02 8.521708434672455867e-01
1.023689694443881990e+02 8.421809448499185669e-01
1.034308119757393456e+02 8.318955217076868802e-01
1.045036686803063333e+02 8.219969313088244522e-01
1.055876538047952664e+02 8.119075316672469400e-01
1.066828827809589626e+02 8.021576921999338250e-01
1.077894722378891856e+02 7.922930958290116399e-01
1.089075400144361083e+02 7.827269658808687636e-01
1.100372051717568240e+02 7.730966754040364819e-01
1.111785880059940723e+02 7.637298950697068989e-01
1.123318100610863155e+02 7.543319701320660986e-01
1.134969941417106867e+02 7.451681051019014568e-01
1.146742643263602304e+02 7.359938698053033468e-01
1.158637459805570415e+02 7.270300258326135578e-01
1.170655657702019568e+02 7.180716621280838208e-01
1.182798516750631563e+02 7.093073031474981249e-01
1.195067330024044026e+02 7.005613439488842520e-01
1.207463404007548746e+02 6.919964481622848940e-01
1.219988058738216949e+02 6.834584352733832358e-01
1.232642627945465676e+02 6.750884622272770308e-01
1.245428459193087889e+02 6.667488638964083059e-01
1.258346914022749701e+02 6.585654397531298665e-01
1.271399368098979323e+02 6.504161222112244678e-01
1.284587211355659520e+02 6.424138754026964548e-01
1.297911848144039197e+02 6.344475966642909581e-01
1.311374697382280488e+02 6.266210131132234906e-01
1.324977192706556366e+02 6.188359493382358245e-01
1.338720782623717582e+02 6.111873460212725595e-01
1.352606930665539835e+02 6.035809730180505817e-01
1.366637115544574499e+02 5.961010133411375200e-01
1.380812831311612854e+02 5.886627488358608939e-01
1.395135587514785982e+02 5.813481784858320900e-01
1.409606909360314262e+02 5.740795081595615468e-01
1.424228337874922659e+02 5.669308352655091365e-01
1.439001430069942558e+02 5.598280394050266784e-01
1.453927759107116913e+02 5.528395934397577482e-01
1.469008914466121496e+02 5.458958696439865088e-01
1.484246502113826693e+02 5.390614875119817961e-01
1.499642144675314341e+02 5.322722099937237106e-01
1.515197481606667793e+02 5.255895700293686801e-01
1.530914169369556248e+02 5.189538005201462800e-01
1.546793881607626702e+02 5.124234336149781077e-01
1.562838309324728812e+02 5.059415415620091006e-01
1.579049161064986322e+02 4.995622004214263501e-01
1.595428163094737215e+02 4.932308765907451042e-01
1.611977059586361349e+02 4.869986033951479998e-01
1.628697612804014057e+02 4.808135041902899531e-01
1.645591603291286731e+02 4.747240244424584255e-01
1.662660830060813737e+02 4.686810279584803784e-01
1.679907110785846100e+02 4.627306727682048981e-01
1.697332281993813297e+02 4.568263963982471809e-01
1.714938199261891612e+02 4.510122769355581207e-01
1.732726737414600962e+02 4.452438622893987730e-01
1.750699790723451770e+02 4.395631811996090765e-01
1.768859273108664638e+02 4.339277762795239468e-01
1.787207118342976457e+02 4.283777971310198107e-01
1.805745280257569902e+02 4.228727703371427116e-01
1.824475732950128304e+02 4.174511317782094721e-01
1.843400470995058527e+02 4.120740776335782285e-01
1.862521509655886973e+02 4.067783632513238268e-01
1.881840885099861964e+02 4.015266556485351801e-01
1.901360654614783812e+02 3.963541450682507294e-01
1.921082896828079356e+02 3.912249819836429165e-01
1.941009711928151944e+02 3.861728925419555258e-01
1.961143221888029302e+02 3.811635164589642355e-01
1.981485570691325506e+02 3.762293370926282909e-01
2.002038924560552857e+02 3.713373982720125643e-01
2.022805472187798443e+02 3.665189942456983374e-01
2.043787424967792674e+02 3.617423867702337925e-01
2.064987017233400195e+02 3.570376284641593734e-01
2.086406506493546829e+02 3.523740338785063542e-01
2.108048173673621477e+02 3.477805381344502567e-01
2.129914323358363220e+02 3.432275539468819803e-01
2.152007284037277941e+02 3.387429044984744952e-01
2.174329408352592452e+02 3.342979899158153301e-01
2.196883073349783047e+02 3.299196436941678190e-01
2.219670680730704362e+02 3.255802951333290340e-01
2.242694657109341279e+02 3.213058167600162385e-01
2.265957454270217113e+02 3.170695679997581617e-01
2.289461549429477429e+02 3.128965527250927581e-01
2.313209445498685568e+02 3.087611083119858879e-01
2.337203671351355752e+02 3.046875747806918056e-01
2.361446782092243950e+02 3.006511928712407022e-01
2.385941359329441127e+02 2.966754003199460477e-01
2.410690011449281940e+02 2.927361045962577069e-01
2.435695373894108400e+02 2.888558561686289661e-01
2.460960109442911516e+02 2.850111823177557402e-01
2.486486908494890713e+02 2.812238621766654512e-01
2.512278489355944942e+02 2.774713372615083551e-01
2.538337598528142678e+02 2.737748913523870287e-01
2.564667011002194954e+02 2.701125815689017773e-01
2.591269530552953597e+02 2.665049252303970384e-01
2.618147990037985551e+02 2.629309197048624869e-01
2.645305251699236919e+02 2.594107798442603086e-01
2.672744207467827664e+02 2.559239016695423752e-01
2.700467779272011057e+02 2.524892924211746270e-01
2.728478919348322620e+02 2.490868231034777114e-01
2.756780610555959470e+02 2.457355340825725654e-01
2.785375866694420210e+02 2.424163266487971702e-01
2.814267732824438326e+02 2.391474007947480274e-01
2.843459285592247738e+02 2.359097918207059275e-01
2.872953633557208946e+02 2.327210869540677074e-01
2.902753917522830420e+02 2.295628975926510829e-01
2.932863310871235285e+02 2.264523037114198056e-01
2.963285019901082364e+02 2.233715240772809474e-01
2.994022284169001296e+02 2.203372601641981621e-01
3.025078376834570690e+02 2.173322929869687670e-01
3.056456605008868337e+02 2.143728699797693149e-01
3.088160310106637780e+02 2.114422322262635157e-01
3.120192868202117893e+02 2.085560712141571182e-01
3.152557690388546803e+02 2.056979612023142334e-01
3.185258223141406120e+02 2.028831839375913049e-01
3.218297948685433880e+02 2.000958223094995436e-01
3.251680385365435768e+02 1.973507373446031221e-01
3.285409088020951458e+02 1.946325318857394238e-01
3.319487648364800521e+02 1.919557393803397460e-01
3.353919695365560756e+02 1.893053287320971279e-01
3.388708895634009082e+02 1.866954727915355050e-01
3.423858953813572157e+02 1.841115656401472178e-01
3.459373612974829939e+02 1.815673387658812421e-01
3.495256655014108560e+02 1.790485471813526019e-01
3.531511901056204579e+02 1.765685312574085120e-01
3.568143211861296322e+02 1.741133331214295976e-01
3.605154488236061638e+02 1.716958744157323080e-01
3.642549671449077664e+02 1.693026363444373183e-01
3.680332743650512271e+02 1.669462592946413804e-01
3.718507728296181085e+02 1.646134483081485855e-01
3.757078690575993960e+02 1.623165428529496357e-01
3.796049737846855692e+02 1.600427877891655581e-01
3.835425020070048276e+02 1.578042051345652508e-01
3.875208730253153249e+02 1.555881857642835986e-01
3.915405104896560147e+02 1.534064677890188688e-01
3.956018424444601465e+02 1.512469515988624225e-01
3.997053013741371501e+02 1.491210805152846375e-01
4.038513242491271171e+02 1.470169034372640071e-01
4.080403525724333349e+02 1.449455737912453690e-01
4.122728324266366826e+02 1.428955851929611109e-01
4.165492145213985964e+02 1.408778183492410130e-01
4.208699542414562416e+02 1.388809159097444956e-01
4.252355116951156333e+02 1.369154239291157926e-01
4.296463517632481626e+02 1.349702289771162744e-01
4.341029441487944496e+02 1.330555851584314941e-01
4.386057634267823460e+02 1.311606311102962441e-01
4.431552890948638606e+02 1.292953846910747662e-01
4.477520056243760678e+02 1.274493521690484854e-01
4.523964025119311145e+02 1.256324781611863894e-01
4.570889743315427722e+02 1.238345116730099199e-01
4.618302207872920349e+02 1.220650829004531063e-01
4.666206467665400055e+02 1.203142691054109870e-01
4.714607623936926188e+02 1.185915558147533355e-01
4.763510830845228270e+02 1.168871882161517245e-01
4.812921296010565584e+02 1.152101287225175547e-01
4.862844281070271677e+02 1.135506805466160174e-01
4.913285102239065054e+02 1.119176469378052180e-01
4.964249130875161313e+02 1.103016914401720033e-01
5.015741794052255500e+02 1.087114582898613402e-01
5.067768575137451421e+02 1.071378252537392439e-01
5.120335014375164064e+02 1.055893858069426178e-01
5.173446709477103695e+02 1.040574629195459289e-01
5.227109316218354707e+02 1.025504766725282152e-01
5.281328549039661766e+02 1.010597442415034075e-01
5.336110181655938050e+02 9.959344137084258364e-02
5.391460047671110942e+02 9.814325520445846274e-02
5.447384041199323974e+02 9.671683026874147715e-02
5.503888117492591618e+02 9.530584403321680498e-02
5.560978293574970621e+02 9.391781096531047479e-02
5.618660648883297881e+02 9.254450111970559389e-02
5.676941325914579011e+02 9.119333045332796150e-02
5.735826530880090104e+02 8.985644925634585223e-02
5.795322534366279115e+02 8.854126063238502986e-02
5.855435672002491856e+02 8.724017944768854005e-02
5.916172345135657906e+02 8.596047837958951943e-02
5.977539021511952342e+02 8.469482050054699673e-02
6.039542235965534474e+02 8.345040252703331274e-02
6.102188591114432938e+02 8.221999407470853560e-02
6.165484758063647632e+02 8.101045550430567566e-02
6.229437477115543516e+02 7.981451807895235950e-02
6.294053558487619284e+02 7.863878156153202015e-02
6.359339883037706613e+02 7.747603944596680170e-02
6.425303402996706836e+02 7.633265014778999047e-02
6.491951142708920770e+02 7.520168767200130500e-02
6.559290199380061495e+02 7.408937926291719878e-02
6.627327743833023987e+02 7.298890379139814921e-02
6.696071021271490054e+02 7.190652512896503201e-02
6.765527352051458365e+02 7.083579881523575927e-02
6.835704132460783740e+02 6.978303342733808978e-02
6.906608835506787045e+02 6.874199928972407614e-02
6.978249011712046013e+02 6.771882168943924030e-02
7.050632289918439710e+02 6.670737546844396348e-02
7.123766378099529675e+02 6.571359162680896759e-02
7.197659064181367512e+02 6.473142441664850311e-02
7.272318216871821051e+02 6.376654001189954735e-02
7.347751786498495221e+02 6.281290798131146380e-02
7.423967805855357938e+02 6.187596650895116346e-02
7.500974391058126685e+02 6.094972254901189629e-02
7.578779742408548827e+02 6.003945263783337649e-02
7.657392145267637034e+02 5.913926027677956360e-02
7.736819970937958715e+02 5.825436555701234836e-02
7.817071677555088627e+02 5.737909685746016286e-02
7.898155810988293979e+02 5.651865024863605980e-02
7.980081005750575969e+02 5.566757543470071679e-02
8.062855985918141641e+02 5.483102023100736716e-02
8.146489566059417484e+02 5.400374989854733049e-02
8.230990652173696844e+02 5.319088529491654282e-02
8.316368242639524624e+02 5.238738151909459739e-02
8.402631429172920434e+02 5.159826123669986747e-02
8.489789397795536843e+02 5.081853570628890732e-02
8.577851429812873221e+02 5.005302658976376606e-02
8.666826902802612267e+02 4.929677424635866417e-02
8.756725291613232685e+02 4.855441709477360118e-02
8.847556169372968498e+02 4.782104884636414338e-02
8.939329208509228692e+02 4.710113102207508229e-02
9.032054181778606790e+02 4.638982392032698493e-02
9.125740963307561060e+02 4.569146023230989673e-02
9.220399529643889309e+02 4.500123490355495415e-02
9.316039960819128964e+02 4.432337874679724565e-02
9.412672441421939311e+02 4.365321641137394348e-02
9.510307261682665967e+02 4.299492518153086307e-02
9.608954818569113741e+02 4.234402592151687017e-02
9.708625616893709775e+02 4.170465420067726720e-02
9.809330270432138832e+02 4.107249373057362402e-02
9.911079503053587132e+02 4.045164010074751848e-02
1.001388414986271641e+03 3.983787449511821260e-02
1.011775515835346596e+03 3.923521620773437468e-02
1.022270358957484177e+03 3.863955237343091875e-02
1.032874061930877360e+03 3.805482673137509930e-02
1.043587753926022742e+03 3.747706090017970115e-02
1.054412575825962449e+03 3.691011741950021852e-02
1.065349680347775120e+03 3.635013597444573114e-02
1.076400232165327225e+03 3.580089781725610820e-02
1.087565408033296762e+03 3.525850932894128431e-02
1.098846396912484124e+03 3.472660553573954367e-02
1.110244400096422851e+03 3.420136492300950015e-02
1.121760631339302108e+03 3.368630393324058281e-02
1.133396316985219073e+03 3.317765452445398805e-02
1.145152696098769184e+03 3.267883650120269323e-02
1.157031020596992221e+03 3.218618517269301177e-02
1.169032555382686496e+03 3.170303085467023052e-02
1.181158578479107518e+03 3.122578149534451647e-02
1.193410381166060688e+03 3.075771845175635441e-02
1.205789268117409165e+03 3.029531388416294158e-02
1.218296557540005097e+03 2.984176326051297956e-02
1.230933581314063986e+03 2.939364335348889495e-02
1.243701685134995159e+03 2.895407935241325545e-02
1.256602228656700163e+03 2.851974034734807914e-02
1.269636585636362952e+03 2.809369724444004887e-02
1.282806144080736203e+03 2.767268476705948138e-02
1.296112306393950576e+03 2.725971893069318794e-02
1.309556489526851692e+03 2.685162958784062873e-02
1.323140125127891224e+03 2.645136369935557202e-02
1.336864659695579121e+03 2.605583392917891483e-02
1.350731554732519044e+03 2.566795267406892997e-02
1.364742286901042235e+03 2.528473212749169155e-02
1.378898348180453695e+03 2.490902248660628246e-02
1.393201246025911360e+03 2.453790633578273317e-02
1.407652503528951684e+03 2.417418822106188331e-02
1.422253659579682108e+03 2.381502588774000659e-02
1.437006269030654039e+03 2.346313675883585081e-02
1.451911902862436364e+03 2.311571988246041015e-02
1.466972148350907901e+03 2.277542513011072967e-02
1.482188609236281764e+03 2.243952235032562609e-02
1.497562905893886409e+03 2.211058652499219013e-02
1.513096675506716110e+03 2.178593324144685595e-02
1.528791572239772677e+03 2.146809170690788804e-02
1.544649267416212297e+03 2.115445127495828304e-02
1.560671449695325236e+03 2.084746571655213612e-02
1.576859825252355904e+03 2.054457180886494483e-02
1.593216117960191696e+03 2.024816838141328679e-02
1.609742069572934042e+03 1.995573550483926289e-02
1.626439439911377804e+03 1.966958595012879493e-02
1.643310007050407648e+03 1.938724237053299562e-02
1.660355567508345302e+03 1.911096117059872534e-02
1.677577936438256529e+03 1.883830858828712887e-02
1.694978947821243310e+03 1.857147005114636457e-02
1.712560454661742824e+03 1.830807478764661517e-02
1.730324329184850058e+03 1.805026420480671662e-02
1.748272463035686997e+03 1.779572218195221017e-02
1.766406767480842063e+03 1.754653658384562609e-02
1.784729173611897295e+03 1.730045674685281448e-02
1.803241632551066459e+03 1.705953652647226523e-02
1.821946115658967983e+03 1.682157792881371072e-02
1.840844614744549517e+03 1.658858365056378043e-02
1.859939142277195515e+03 1.635841764619975353e-02
1.879231731601029423e+03 1.613304456107853002e-02
1.898724437151442544e+03 1.591038839585409356e-02
1.918419334673864569e+03 1.569237309269026076e-02
1.938318521444809903e+03 1.547698023965930064e-02
1.958424116495210910e+03 1.526609771164308925e-02
1.978738260836071277e+03 1.505776760259729466e-02
1.999263117686456781e+03 1.485384672171405178e-02
2.020000872703854611e+03 1.465243493654073276e-02
2.040953734216918974e+03 1.445534611572433202e-02
2.062123933460633452e+03 1.426072949132829726e-02
2.083513724813912631e+03 1.407036204597057402e-02
2.105125386039662317e+03 1.388244368973432473e-02
2.126961218527340861e+03 1.369870712683536433e-02
2.149023547538025468e+03 1.351739268363194926e-02
2.171314722452027581e+03 1.334018612186770210e-02
2.193837117019074867e+03 1.316537485586134586e-02
2.216593129611084805e+03 1.299460113052947931e-02
2.239585183477568989e+03 1.282618604818981656e-02
2.262815727003673601e+03 1.266172433636134076e-02
2.286287233970910165e+03 1.249957818499380750e-02
2.310002203820580689e+03 1.234130361739653285e-02
2.333963161919939921e+03 1.218529781984924176e-02
2.358172659831118381e+03 1.203306524535160786e-02
2.382633275582832539e+03 1.188303609803911462e-02
2.407347613944915338e+03 1.173667278867222830e-02
2.432318306705694795e+03 1.159244497234531053e-02
2.457548012952246154e+03 1.145177130656518764e-02
2.483039419353556696e+03 1.131315105090173641e-02
2.508795240446620937e+03 1.117795769785830465e-02
2.534818218925512156e+03 1.104472538985518289e-02
2.561111125933441599e+03 1.091478920940008521e-02
2.587676761357857231e+03 1.078671826513117812e-02
2.614517954128597012e+03 1.066180952340426216e-02
2.641637562519136736e+03 1.053866736116939630e-02
2.669038474450964259e+03 1.041855268244275094e-02
2.696723607801106937e+03 1.030010426070990769e-02
2.724695910712855948e+03 1.018454831653861810e-02
2.752958361909701580e+03 1.007056251822700116e-02
2.781513971012541788e+03 9.959342822820752006e-03
2.810365778860163573e+03 9.849605226300215538e-03
2.839516857833061295e+03 9.742512712299523231e-03
2.868970312180608289e+03 9.636815744569615996e-03
2.898729278351622725e+03 9.533648570643723716e-03
2.928796925328363159e+03 9.431800166318518586e-03
2.959176454963987453e+03 9.332376465421721862e-03
2.989871102323514606e+03 9.234202031252062084e-03
3.020884136028318608e+03 9.138353936197851982e-03
3.052218858604199795e+03 9.043693446161042357e-03
3.083878606833068261e+03 8.951271139736139554e-03
3.115866752108265700e+03 8.859983490052059790e-03
3.148186700793583441e+03 8.770852932250029765e-03
3.180841894586002127e+03 8.682809152477283937e-03
3.213835810882188071e+03 8.596848001514197438e-03
3.247171963148798568e+03 8.511933850439025798e-03
3.280853901296623008e+03 8.429036296875929216e-03
3.314885212058607976e+03 8.347151765327734049e-03
3.349269519371802289e+03 8.267222442256716777e-03
3.384010484763262866e+03 8.188275725481485717e-03
3.419111807739967389e+03 8.111228030183484025e-03
3.454577226182765116e+03 8.035138238882261891e-03
3.490410516744420420e+03 7.960896458618629476e-03
3.526615495251779521e+03 7.887590120239445016e-03
3.563196017112113623e+03 7.816082218694337183e-03
3.600155977723673914e+03 7.745488886686365849e-03
3.637499312890507099e+03 7.676646950229863188e-03
3.675229999241570113e+03 7.608699710790002395e-03
3.713352054654195854e+03 7.542457706856020572e-03
3.751869538681950871e+03 7.477090877404284248e-03
3.790786552986930928e+03 7.413383067965191586e-03
3.830107241776537649e+03 7.350530280491548475e-03
3.869835792244789900e+03 7.289290768065884683e-03
3.909976435018212214e+03 7.228885429653347620e-03
3.950533444606342528e+03 7.170046739316053054e-03
3.991511139856923364e+03 7.112020613712149823e-03
4.032913884415805114e+03 7.055514361115685674e-03
4.074746087191624611e+03 6.999797478702433906e-03
4.117012202825300847e+03 6.945551962701830041e-03
4.159716732164402856e+03 6.892071087396731827e-03
4.202864222742440688e+03 6.840012253805725050e-03
4.246459269263119495e+03 6.788691676395735772e-03
4.290506514089623124e+03 6.738742844063053648e-03
4.335010647738976331e+03 6.689504819839768752e-03
4.379976409381521080e+03 6.641587930242656354e-03
4.425408587345592423e+03 6.594353922325863968e-03
4.471312019627411246e+03 6.548389704271692993e-03
4.517691594406283912e+03 6.503079070120415701e-03
4.564552250565122449e+03 6.458986832504828857e-03
4.611898978216392607e+03 6.415518989920276222e-03
4.659736819233493407e+03 6.373218257743650146e-03
4.708070867787660063e+03 6.331511804839689422e-03
4.756906270890434826e+03 6.290920441347206370e-03
4.806248228941760317e+03 6.250892168770325052e-03
4.856101996283766312e+03 6.211926611720679746e-03
4.906472881760292694e+03 6.173493198681191674e-03
4.957366249282218632e+03 6.136071463493943633e-03
5.008787518398660723e+03 6.099151545992186930e-03
5.060742164874082846e+03 6.063193106166105996e-03
5.113235721271411421e+03 6.027707273291629114e-03
5.166273777541182426e+03 5.993134669336218183e-03
5.219861981616808407e+03 5.959006807498891736e-03
5.274006040016015504e+03 5.925744962806184755e-03
5.328711718448523243e+03 5.892900435383438898e-03
5.383984842430020763e+03 5.860875771408691898e-03
5.439831297902524966e+03 5.829241984678058472e-03
5.496257031861154246e+03 5.798383401247850753e-03
5.553268052987418741e+03 5.767890187120465299e-03
5.610870432289078053e+03 5.738128300041564836e-03
5.669070303746627360e+03 5.708706470548511637e-03
5.727873864966496512e+03 5.679972896502520803e-03
5.787287377841023044e+03 5.651555204626908246e-03
5.847317169215269132e+03 5.623784696159066752e-03
5.907969631560761627e+03 5.596307654220678517e-03
5.969251223656207003e+03 5.569438686965398969e-03
6.031168471275285810e+03 5.542842261523047223e-03
6.093727967881562108e+03 5.516816470285629791e-03
6.156936375330616102e+03 5.491043586612152222e-03
6.220800424579452738e+03 5.465805526753160851e-03
6.285326916403268115e+03 5.440801975104739459e-03
6.350522722119655555e+03 5.416298774631922788e-03
6.416394784320319559e+03 5.392012547348268119e-03
6.482950117610376765e+03 5.368193321949336384e-03
6.550195809355338497e+03 5.344574352982177715e-03
6.618139020435821294e+03 5.321390191974864452e-03
6.686786986010105466e+03 5.298390490249897146e-03
6.756147016284593519e+03 5.275794656868846091e-03
6.826226497292258500e+03 5.253368406483383858e-03
6.897032891679171371e+03 5.231316256468932641e-03
6.968573739499184740e+03 5.209419641777640435e-03
7.040856659016869344e+03 5.187868490179972127e-03
7.113889347518756040e+03 5.166459697638271786e-03
7.187679582133014264e+03 5.145368848807131343e-03
7.262235220657627906e+03 5.124407906210605781e-03
7.337564202397156805e+03 5.103738332488268713e-03
7.413674549008172107e+03 5.083186866661310380e-03
7.490574365353487337e+03 5.062901145887810372e-03
7.568271840365207936e+03 5.042722384166952072e-03
7.646775247916778426e+03 5.022784622707358523e-03
7.726092947704038124e+03 5.002943189573088277e-03
7.806233386135443652e+03 4.983318764427532160e-03
7.887205097231498257e+03 4.963780480600891651e-03
7.969016703533539840e+03 4.944435890653590439e-03
8.051676917021930421e+03 4.925167615289881805e-03
8.135194540043785310e+03 4.906070364463976582e-03
8.219578466250319252e+03 4.887040005891759784e-03
8.304837681543915096e+03 4.868158700872326355e-03
8.390981265035019533e+03 4.849335277164328571e-03
8.478018390008961433e+03 4.830639584928901609e-03
8.565958324902798267e+03 4.811993101743470072e-03
8.654810434292299760e+03 4.793453622270080552e-03
8.744584179889159714e+03 4.774954977047004591e-03
8.835289121548565163e+03 4.756543146001337118e-03
8.926934918287204709e+03 4.738164022192689097e-03
9.019531329311841546e+03 4.719852055299715403e-03
9.113088215058556671e+03 4.701564951137304424e-03
9.207615538242764160e+03 4.683325908504415262e-03
9.303123364920136737e+03 4.665104164430579174e-03
9.399621865558508944e+03 4.646911917496615238e-03
9.497121316120923439e+03 4.628729648676450058e-03
9.595632099159889549e+03 4.610558819665803824e-03
9.695164704923021418e+03 4.592390872469483826e-03
9.795729732470108502e+03 4.574216794954472781e-03
9.897337890801803951e+03 4.556038721771839446e-03
1.000000000000000000e+04 4.537837456914160447e-03
