1.000000000000000048e-04 4.248428503186957528e+02
1.009262190987047711e-04 4.286375119519352666e+02
1.018610170155975824e-04 4.324660318971819493e+02
1.028044732093309326e-04 4.363287115815076049e+02
1.037566678745185890e-04 4.402258548121828312e+02
1.047176819485520245e-04 4.441577677616066353e+02
1.056875971184804134e-04 4.481247592852058688e+02
1.066664958279539424e-04 4.521271409607397800e+02
1.076544612842315522e-04 4.561652271119855868e+02
1.086515774652538243e-04 4.602393348326987734e+02
1.096579291267809898e-04 4.643497840107247043e+02
1.106736018095973568e-04 4.684968973523499471e+02
1.116986818467823099e-04 4.726810004068328226e+02
1.127332563710486778e-04 4.769024215911753686e+02
1.137774133221491354e-04 4.811614922081490135e+02
1.148312414543511137e-04 4.854585464097877434e+02
1.158948303439810988e-04 4.897939212497239510e+02
1.169682703970385227e-04 4.941679567459024724e+02
1.180516528568805070e-04 4.985809959067544241e+02
1.191450698119775678e-04 5.030333847571588421e+02
1.202486142037412301e-04 5.075254723646257276e+02
1.213623798344240940e-04 5.120576108657170380e+02
1.224864613750931521e-04 5.166301554926616291e+02
1.236209543736768604e-04 5.212434646002379850e+02
1.247659552630869643e-04 5.258978996928357219e+02
1.259215613694151213e-04 5.305938255433604809e+02
1.270878709202058650e-04 5.353316105450865052e+02
1.282649830528060459e-04 5.401116264578131450e+02
1.294529978227915764e-04 5.449342483243008246e+02
1.306520162124721288e-04 5.497998544990019809e+02
1.318621401394748729e-04 5.547088266771008875e+02
1.330834724654075222e-04 5.596615499237675522e+02
1.343161170046016110e-04 5.646584127036819609e+02
1.355601785329368437e-04 5.696998069108021809e+02
1.368157627967471642e-04 5.747861278984099727e+02
1.380829765218092534e-04 5.799177745065255749e+02
1.393619274224142384e-04 5.850951485579976179e+02
1.406527242105237252e-04 5.903186542339285552e+02
1.419554766050101292e-04 5.955886990811600299e+02
1.432702953409830901e-04 6.009056941914496974e+02
1.445972921792019735e-04 6.062700542315882331e+02
1.459365799155756501e-04 6.116821974737512164e+02
1.472882723907502584e-04 6.171425458261234098e+02
1.486524844997856815e-04 6.226515248637373361e+02
1.500293322019218239e-04 6.282095638596008484e+02
1.514189325304352289e-04 6.338170958160646933e+02
1.528214036025869857e-04 6.394745575133204056e+02
1.542368646296628210e-04 6.451823900055896956e+02
1.556654359271061612e-04 6.509410387305634913e+02
1.571072389247450316e-04 6.567509530494472756e+02
1.585623961771137158e-04 6.626125862528253947e+02
1.600310313738700680e-04 6.685263955945190446e+02
1.615132693503090484e-04 6.744928423256308179e+02
1.630092360979740814e-04 6.805123917289590736e+02
1.645190587753662351e-04 6.865855131536440012e+02
1.660428657187529853e-04 6.927126800501574735e+02
1.675807864530767528e-04 6.988943700055287991e+02
1.691329517029647870e-04 7.051310647053462617e+02
1.706994934038407472e-04 7.114232492895603173e+02
1.722805447131393918e-04 7.177714126726424411e+02
1.738762400216250798e-04 7.241760479983277037e+02
1.754867149648151145e-04 7.306376526806167249e+02
1.771121064345087702e-04 7.371567284398386164e+02
1.787525525904235186e-04 7.437337813389368648e+02
1.804081928719382670e-04 7.503693218201248101e+02
1.820791680099462630e-04 7.570638647417778202e+02
1.837656200388171237e-04 7.638179294156764172e+02
1.854676923084698612e-04 7.706320396444822336e+02
1.871855294965578777e-04 7.775067235869356637e+02
1.889192776207666109e-04 7.844425131605361230e+02
1.906690840512252356e-04 7.914399446204904507e+02
1.924350975230331026e-04 7.984995588220707532e+02
1.942174681489025655e-04 8.056219012587023371e+02
1.960163474319185229e-04 8.128075221003322213e+02
1.978318882784164360e-04 8.200569762321656526e+02
1.996642450109793916e-04 8.273708232936306786e+02
2.015135733815557294e-04 8.347496277176909416e+02
2.033800305846980984e-04 8.421939587704449650e+02
2.052637752709251650e-04 8.497043905925671652e+02
2.071649675602068924e-04 8.572815025579774328e+02
2.090837690555750453e-04 8.649258797245178130e+02
2.110203428568595166e-04 8.726381122799712102e+02
2.129748535745520205e-04 8.804187954896609654e+02
2.149474673437980199e-04 8.882685297388883328e+02
2.169383518385184593e-04 8.961879205756887359e+02
2.189476762856621176e-04 9.041775787539507974e+02
2.209756114795901792e-04 9.122381202768505091e+02
2.230223297965937550e-04 9.203701664406512464e+02
2.250880052095461433e-04 9.285743438788593949e+02
2.271728133026905069e-04 9.368512845361925656e+02
2.292769312865649460e-04 9.452016236657733543e+02
2.314005380130652650e-04 9.536259994710667343e+02
2.335438139906478448e-04 9.621250553709732003e+02
2.357069413996727301e-04 9.706994401723404735e+02
2.378901041078893160e-04 9.793498081124828332e+02
2.400934876860652035e-04 9.880768189018734802e+02
2.423172794237599592e-04 9.968811377672155913e+02
2.445616683452445637e-04 1.005763435494787700e+03
2.468268452255691797e-04 1.014724388474123202e+03
2.491130026067788590e-04 1.023764678741973285e+03
2.514203348142797370e-04 1.032884994178812804e+03
2.537490379733569885e-04 1.042086030016341510e+03
2.560993100258458451e-04 1.051368488299370938e+03
2.584713507469562992e-04 1.060733077010836723e+03
2.608653617622547997e-04 1.070180510106940119e+03
2.632815465648020731e-04 1.079711507565190004e+03
2.657201105324504854e-04 1.089326795432882363e+03
2.681812609453014312e-04 1.099027105875898087e+03
2.706652070033240529e-04 1.108813177227916412e+03
2.731721598441376204e-04 1.118685754039895073e+03
2.757023325609583289e-04 1.128645587130038848e+03
2.782559402207124147e-04 1.138693432873661095e+03
2.808331998823171589e-04 1.148830050347204178e+03
2.834343306151309184e-04 1.159056203801034144e+03
2.860595535175741895e-04 1.169372663756476413e+03
2.887090917359235484e-04 1.179780207053420099e+03
2.913831704832786835e-04 1.190279616898062386e+03
2.940820170587062619e-04 1.200871682910878235e+03
2.968058608665601950e-04 1.211557201175044383e+03
2.995549334359813402e-04 1.222336974285040924e+03
3.023294684405777215e-04 1.233211811395651921e+03
3.051297017182868967e-04 1.244182528271038336e+03
3.079558712914225844e-04 1.255249947283156189e+03
3.108082173869063103e-04 1.266414897392442754e+03
3.136869824566876504e-04 1.277678214295919133e+03
3.165924111983521496e-04 1.289040740493702060e+03
3.195247505759211981e-04 1.300503325339772118e+03
3.224842498408441371e-04 1.312066825093027319e+03
3.254711605531847621e-04 1.323732102968671825e+03
3.284857366030043916e-04 1.335500029189911402e+03
3.315282342319423692e-04 1.347371481040033132e+03
3.345989120549973058e-04 1.359347342914751607e+03
3.376980310825090622e-04 1.371428506323425154e+03
3.408258547423451568e-04 1.383615868363948493e+03
3.439826489022924688e-04 1.395910331415975861e+03
3.471686818926560765e-04 1.408312804943381934e+03
3.503842245290674016e-04 1.420824205652840874e+03
3.536295501355041530e-04 1.433445457545170484e+03
3.569049345675229354e-04 1.446177491967066771e+03
3.602106562357070192e-04 1.459021247663051327e+03
3.635469961293318715e-04 1.471977670827644715e+03
3.669142378402492086e-04 1.485047715157997345e+03
3.703126675869925508e-04 1.498232341906681540e+03
3.737425742391063395e-04 1.511532519719253514e+03
3.772042493416998096e-04 1.524949222534718956e+03
3.806979871402285448e-04 1.538483430455666621e+03
3.842240846055058824e-04 1.552136131187543469e+03
3.877828414589455804e-04 1.565908320110207114e+03
3.913745601980383993e-04 1.579801000329399585e+03
3.949995461220643365e-04 1.593815182728193349e+03
3.986581073580439810e-04 1.607951886018875030e+03
4.023505548869290975e-04 1.622212136794917114e+03
4.060772025700363965e-04 1.636596969583315740e+03
4.098383671757261726e-04 1.651107426897063988e+03
4.136343684063273807e-04 1.665744558932044583e+03
4.174655289253135972e-04 1.680509422207310536e+03
4.213321743847286732e-04 1.695403080770997803e+03
4.252346334528681504e-04 1.710426606773636195e+03
4.291732378422157359e-04 1.725581080519852321e+03
4.331483223376398771e-04 1.740867590520201475e+03
4.371602248248503283e-04 1.756287233543170942e+03
4.412092863191187744e-04 1.771841114667382953e+03
4.452958509942654100e-04 1.787530347334057751e+03
4.494202662119141291e-04 1.803356053399532584e+03
4.535828825510187113e-04 1.819319363182422649e+03
4.577840538376617388e-04 1.835421413934737984e+03
4.620241371751310699e-04 1.851663347653359097e+03
4.663034929742730541e-04 1.868046314223765194e+03
4.706224849841280744e-04 1.884571471997825711e+03
4.749814803228499869e-04 1.901239987842987603e+03
4.793808495089108695e-04 1.918053037191486055e+03
4.838209664925955224e-04 1.935011804089674115e+03
4.883022086877878906e-04 1.952117481247492151e+03
4.928249570040513054e-04 1.969371270088086476e+03
4.973895958790062848e-04 1.986774380797374761e+03
5.019965133110081698e-04 2.004328032295741650e+03
5.066461008921266038e-04 2.022033449753849482e+03
5.113387538414324897e-04 2.039891863983719304e+03
5.160748710385906941e-04 2.057904514359455334e+03
5.208548550577661931e-04 2.076072649047260256e+03
5.256791122018421433e-04 2.094397525050904278e+03
5.305480525369571420e-04 2.112880408257237832e+03
5.354620899273605924e-04 2.131522573481739528e+03
5.404216420705913780e-04 2.150325304513969513e+03
5.454271305329832066e-04 2.169289894163126064e+03
5.504789807854969502e-04 2.188417644303468933e+03
5.555776222398875691e-04 2.207709865676473328e+03
5.607234882852031284e-04 2.227167875407232259e+03
5.659170163246242521e-04 2.246792997959955756e+03
5.711586478126430425e-04 2.266586566847794984e+03
5.764488282925875340e-04 2.286549924701263535e+03
5.817880074344933088e-04 2.306684423309875001e+03
5.871766390733255264e-04 2.326991423663764181e+03
5.926151812475552710e-04 2.347472295995001332e+03
5.981040962380939014e-04 2.368128419819085138e+03
6.036438506075865983e-04 2.388961183976002303e+03
6.092349152400708531e-04 2.409971986671488594e+03
6.148777653810022850e-04 2.431162234499150600e+03
6.205728806776500623e-04 2.452533338282900331e+03
6.263207452198687585e-04 2.474086716472667376e+03
6.321218475812450180e-04 2.495823796765551833e+03
6.379766808606280280e-04 2.517746016140739357e+03
6.438857427240418478e-04 2.539854820893843680e+03
6.498495354469888087e-04 2.562151666670874874e+03
6.558685659571429020e-04 2.584638018501910665e+03
6.619433458774390093e-04 2.607315350834644960e+03
6.680743915695612272e-04 2.630185147567508011e+03
6.742622241778340820e-04 2.653248902073659337e+03
6.805073696735206446e-04 2.676508114367816688e+03
6.868103588995301502e-04 2.699964286883398017e+03
6.931717276155403232e-04 2.723618930231618378e+03
6.995920165435372306e-04 2.747473564242222437e+03
7.060717714137772130e-04 2.771529717986690230e+03
7.126115430111744755e-04 2.795788929800823553e+03
7.192118872221185634e-04 2.820252747307029949e+03
7.258733650817249770e-04 2.844922727436080550e+03
7.325965428215227204e-04 2.869800436448349956e+03
7.393819919175864805e-04 2.894887449954611384e+03
7.462302891391109447e-04 2.920185352855404290e+03
7.531420165974369056e-04 2.945695736578287324e+03
7.601177617955326210e-04 2.971420198283421996e+03
7.671581176779301067e-04 2.997360344105587501e+03
7.742636826811267678e-04 3.023517789383869058e+03
7.814350607844543217e-04 3.049894158674237133e+03
7.886728615614147951e-04 3.076491085761541854e+03
7.959777002314981234e-04 3.103310213670953999e+03
8.033501977124733306e-04 3.130353194678488762e+03
8.107909806731683575e-04 3.157621690321213919e+03
8.183006815867390838e-04 3.185117371406502116e+03
8.258799387844263477e-04 3.212841917193967674e+03
8.335293965098190729e-04 3.240797006469049393e+03
8.412497049736115734e-04 3.268984320591478081e+03
8.490415204088745541e-04 3.297405549517781310e+03
8.569055051268348192e-04 3.326062391898444730e+03
8.648423275731721444e-04 3.354956555070483773e+03
8.728526623848374341e-04 3.384089755048957613e+03
8.809371904473987762e-04 3.413463716517654120e+03
8.890965989529155036e-04 3.443080172818604296e+03
8.973315814583520799e-04 3.472940865940838648e+03
9.056428379445288822e-04 3.503047546508001233e+03
9.140310748756226740e-04 3.533401971359651725e+03
9.224970052592172025e-04 3.564005893248911434e+03
9.310413487069071729e-04 3.594861068879258710e+03
9.396648314954691517e-04 3.625969262852195243e+03
9.483681866285922435e-04 3.657332247637928049e+03
9.571521538991858893e-04 3.688951803542908237e+03
9.660174799522643508e-04 3.720829718676006451e+03
9.749649183484083168e-04 3.752967788913356799e+03
9.839952296278227113e-04 3.785367817861957974e+03
9.931091813749795376e-04 3.818031616821860553e+03
1.002307548283864732e-03 3.850961004732651418e+03
1.011591112223829457e-03 3.884157802672301841e+03
1.020960662306046604e-03 3.917623825328758812e+03
1.030416994950587558e-03 3.951360892120986591e+03
1.039960913954119780e-03 3.985370829197403509e+03
1.049593230558226948e-03 4.019655469374688892e+03
1.059314763518369625e-03 4.054216652074756439e+03
1.069126339173476084e-03 4.089056223260446586e+03
1.079028791516183647e-03 4.124176035368985140e+03
1.089022962263729889e-03 4.159577947244235474e+03
1.099109700929496542e-03 4.195263824066984853e+03
1.109289864895222346e-03 4.231235536927184512e+03
1.119564319483878348e-03 4.267494949768480183e+03
1.129933938033221476e-03 4.304043915089408983e+03
1.140399601970032255e-03 4.340884289249844187e+03
1.150962200885032082e-03 4.378017933448918484e+03
1.161622632608501566e-03 4.415446713622454809e+03
1.172381803286598597e-03 4.453172500338342616e+03
1.183240627458377906e-03 4.491197168689775935e+03
1.194200028133531608e-03 4.529522598186222240e+03
1.205260936870842289e-03 4.568150672642330392e+03
1.216424293857367497e-03 4.607083280064519386e+03
1.227691047988359319e-03 4.646322311037963118e+03
1.239062156947915577e-03 4.685869641770634189e+03
1.250538587290390405e-03 4.725727139380244807e+03
1.262121314522546842e-03 4.765896673373590602e+03
1.273811323186477924e-03 4.806380115715784086e+03
1.285609606943295159e-03 4.847179340681406757e+03
1.297517168657586579e-03 4.888296224702860854e+03
1.309535020482666904e-03 4.929732646216479225e+03
1.321664183946604648e-03 4.971490485505536526e+03
1.333905690039058258e-03 5.013571624541209530e+03
1.346260579298909571e-03 5.055977946820242323e+03
1.358729901902709777e-03 5.098711332764572944e+03
1.371314717753944600e-03 5.141773639869391445e+03
1.384016096573131068e-03 5.185166717628279912e+03
1.396835117988739139e-03 5.228892415127280401e+03
1.409772871628966161e-03 5.272952580850556842e+03
1.422830457214352461e-03 5.317349062478184351e+03
1.436008984651259519e-03 5.362083706680308751e+03
1.449309574126215940e-03 5.407158358908450282e+03
1.462733356201129271e-03 5.452574863183675006e+03
1.476281471909389248e-03 5.498335061881834008e+03
1.489955072852854013e-03 5.544440795490915662e+03
1.503755321299737316e-03 5.590893891567972787e+03
1.517683390283404692e-03 5.637696146924952700e+03
1.531740463702079740e-03 5.684849350048740234e+03
1.545927736419476723e-03 5.732355285174958226e+03
1.560246414366368416e-03 5.780215732026696060e+03
1.574697714643085496e-03 5.828432465549183689e+03
1.589282865622977398e-03 5.877007255641809024e+03
1.604003107056819902e-03 5.925941866886027128e+03
1.618859690178197416e-03 5.975238058269928842e+03
1.633853877809860605e-03 6.024897582909276025e+03
1.648986944471063495e-03 6.074922187190994009e+03
1.664260176485902803e-03 6.125313588277367671e+03
1.679674872092653008e-03 6.176073465853024572e+03
1.695232341554119481e-03 6.227203488762625057e+03
1.710933907269013808e-03 6.278705316650069108e+03
1.726780903884355192e-03 6.330580599624278875e+03
1.742774678408918554e-03 6.382830977921109479e+03
1.758916590327732352e-03 6.435458081561811014e+03
1.775208011717633715e-03 6.488463530006625660e+03
1.791650327363899977e-03 6.541848931805458960e+03
1.808244934877950962e-03 6.595615884244227345e+03
1.824993244816151307e-03 6.649765970098162143e+03
1.841896680799710645e-03 6.704300723464479233e+03
1.858956679635685987e-03 6.759221639609987506e+03
1.876174691439119703e-03 6.814530198451062461e+03
1.893552179756294220e-03 6.870227864617242631e+03
1.911090621689137074e-03 6.926316087036206227e+03
1.928791508020777585e-03 6.982796298514938826e+03
1.946656343342260823e-03 7.039669915315998878e+03
1.964686646180444866e-03 7.096938336730876472e+03
1.982883949127070295e-03 7.154602944647863296e+03
2.001249798969035980e-03 7.212665103116964929e+03
2.019785756819878104e-03 7.271126152451351118e+03
2.038493398252462854e-03 7.329987383657559803e+03
2.057374313432911838e-03 7.389250056879960539e+03
2.076430107255773476e-03 7.448915411109422166e+03
2.095662399480431679e-03 7.508984663711466055e+03
2.115072824868794322e-03 7.569459009940869691e+03
2.134663033324243724e-03 7.630339622452430376e+03
2.154434690031882538e-03 7.691627650807438840e+03
2.174389475600078947e-03 7.753324220976256584e+03
2.194529086203312468e-03 7.815430434837213397e+03
2.214855233726358962e-03 7.877947369627417174e+03
2.235369645909794905e-03 7.940876054102370290e+03
2.256074066496859508e-03 8.004217428407029729e+03
2.276970255381678600e-03 8.067972393566439678e+03
2.298059988758850702e-03 8.132141820835898216e+03
2.319345059274426947e-03 8.196726551127014318e+03
2.340827276178292227e-03 8.261727394429442938e+03
2.362508465477945394e-03 8.327145129229316808e+03
2.384390470093719280e-03 8.392980501923799238e+03
2.406475150015424062e-03 8.459234226231703360e+03
2.428764382460449952e-03 8.525906982600936317e+03
2.451260062033337912e-03 8.592999416934391775e+03
2.473964100886811863e-03 8.660512112098756916e+03
2.496878428884325308e-03 8.728445576395497483e+03
2.520004993764091584e-03 8.796800277586015000e+03
2.543345761304647602e-03 8.865576644888178635e+03
2.566902715491949354e-03 8.934775068329528949e+03
2.590677858688006114e-03 9.004395898097447571e+03
2.614673211801090205e-03 9.074439443886381923e+03
2.638890814457509754e-03 9.144905974242054072e+03
2.663332725174979987e-03 9.215795715903252130e+03
2.688001021537605225e-03 9.287108853140682186e+03
2.712897800372465491e-03 9.358845522967181751e+03
2.738025177927855876e-03 9.431005764221514255e+03
2.763385290053169130e-03 9.503589531156849262e+03
2.788980292380438802e-03 9.576596729089926157e+03
2.814812360507578520e-03 9.650027214458126764e+03
2.840883690183302647e-03 9.723880794101271022e+03
2.867196497493767777e-03 9.798157224542223048e+03
2.893753019050949830e-03 9.872856211265074307e+03
2.920555512182744159e-03 9.947977407992846565e+03
2.947606255124855888e-03 1.002352041596341769e+04
2.974907547214438851e-03 1.009948478320435970e+04
3.002461709085547329e-03 1.017586998811566264e+04
3.030271082866395349e-03 1.025267536387117434e+04
3.058338032378431822e-03 1.032990015295584453e+04
3.086664943337271393e-03 1.040754353749620896e+04
3.115254223555486215e-03 1.048560463851238092e+04
3.144108303147262560e-03 1.056408251513427240e+04
3.173229634734975584e-03 1.064297616381786611e+04
3.202620693657650189e-03 1.072228451756247705e+04
3.232283978181376902e-03 1.080200644512889085e+04
3.262222009711667620e-03 1.088214075025793863e+04
3.292437333007766382e-03 1.096268617084844300e+04
3.322932516398970689e-03 1.104364135026100121e+04
3.353710152002929105e-03 1.112500478708139781e+04
3.384772855945979760e-03 1.120677489568754208e+04
3.416123268585526292e-03 1.128895001805064749e+04
3.447764054734462919e-03 1.137152842292295827e+04
3.479697903887689868e-03 1.145450830502958706e+04
3.511927530450727804e-03 1.153788778426260251e+04
3.544455673970432156e-03 1.162166490487971168e+04
3.577285099367871063e-03 1.170583763470649319e+04
3.610418597173336176e-03 1.179040386434350512e+04
3.643858983763542669e-03 1.187536140469215570e+04
3.677609101601030626e-03 1.196070791234482022e+04
3.711671819475762576e-03 1.204644085746171550e+04
3.746050032748990486e-03 1.213255761694869216e+04
3.780746663599347974e-03 1.221905548109026495e+04
3.815764661271247096e-03 1.230593165272937767e+04
3.851107002325568438e-03 1.239318324645548637e+04
3.886776690892663599e-03 1.248080728780009485e+04
3.922776758927716892e-03 1.256880071244032297e+04
3.959110266468457602e-03 1.265716036541151516e+04
3.995780301895267457e-03 1.274588300032863845e+04
4.032789982193705006e-03 1.283496527264585166e+04
4.070142453219436490e-03 1.292440366320409703e+04
4.107840889965644338e-03 1.301419449763861667e+04
4.145888496832909366e-03 1.310433400174555572e+04
4.184288507901578850e-03 1.319481830198954412e+04
4.223044187206672490e-03 1.328564342474925979e+04
4.262158829015321934e-03 1.337680529557664158e+04
4.301635758106791586e-03 1.346829973846876419e+04
4.341478330055091074e-03 1.356012247515383024e+04
4.381689931514188077e-03 1.365226912439138687e+04
4.422273980505896963e-03 1.374473520128737073e+04
4.463233926710393797e-03 1.383751608886971735e+04
4.504573251759454861e-03 1.393060690022663402e+04
4.546295469532397882e-03 1.402400257747593059e+04
4.588404126454756309e-03 1.411769794960444960e+04
4.630902801799736956e-03 1.421168773189683452e+04
4.673795107992460146e-03 1.430596652529842868e+04
4.717084690917013566e-03 1.440052881579933091e+04
4.760775230226365826e-03 1.449536897383762334e+04
4.804870439655129291e-03 1.459048125372575123e+04
4.849374067335232054e-03 1.468585979309771028e+04
4.894289896114527652e-03 1.478149861230223723e+04
4.939621743878316526e-03 1.487739155201950598e+04
4.985373463873891964e-03 1.497353215855706912e+04
5.031548945038051557e-03 1.506991382294284449e+04
5.078152112327669575e-03 1.516652981018670653e+04
5.125186927053328526e-03 1.526337325883258382e+04
5.172657387216015104e-03 1.536043718053936027e+04
5.220567527846973338e-03 1.545771445969135675e+04
5.268921421350671562e-03 1.555519785303836215e+04
5.317723177850965620e-03 1.565287998936606346e+04
5.366976945540472173e-03 1.575075336919888468e+04
5.416686911033150378e-03 1.584881036129489075e+04
5.466857299720177810e-03 1.594704305110441237e+04
5.517492376129119747e-03 1.604544317148013033e+04
5.568596444286410055e-03 1.614400230010850646e+04
5.620173848083183550e-03 1.624271187566566368e+04
5.672228971644538778e-03 1.634156319768988760e+04
5.724766239702178301e-03 1.644054742649357286e+04
5.777790117970500218e-03 1.653965558311637506e+04
5.831305113526217242e-03 1.663887854932078699e+04
5.885315775191448696e-03 1.673820706762981717e+04
5.939826693920353083e-03 1.683763174140842239e+04
5.994842503189405300e-03 1.693714301954221446e+04
6.050367879391214433e-03 1.703673099279875896e+04
6.106407542232037376e-03 1.713638544505912068e+04
6.162966255132937103e-03 1.723609600870313443e+04
6.220048825634706159e-03 1.733585216865853727e+04
6.277660105806498990e-03 1.743564326275471467e+04
6.335804992658246836e-03 1.753545848213009231e+04
6.394488428556935854e-03 1.763528687169394470e+04
6.453715401646699032e-03 1.773511733064396685e+04
6.513490946272799086e-03 1.783493861303997619e+04
6.573820143409581269e-03 1.793473932843419243e+04
6.634708121092344930e-03 1.803450787959396621e+04
6.696160054853216199e-03 1.813423214098344761e+04
6.758181168161104223e-03 1.823389969029891654e+04
6.820776732865678482e-03 1.833349795060847464e+04
6.883952069645495574e-03 1.843301419156048360e+04
6.947712548460231209e-03 1.853243553041195628e+04
7.012063589007175302e-03 1.863174893312546556e+04
7.077010661181886049e-03 1.873094121554014782e+04
7.142559285543121847e-03 1.882999904461237384e+04
7.208715033782131694e-03 1.892890893973284983e+04
7.275483529196226894e-03 1.902765727393628913e+04
7.342870447166758956e-03 1.912623009337913754e+04
7.410881515641563541e-03 1.922461276947648730e+04
7.479522515621820147e-03 1.932279042255119202e+04
7.548799281653430747e-03 1.942074801670392117e+04
7.618717702322989373e-03 1.951847036168811246e+04
7.689283720758303617e-03 1.961594211487768189e+04
7.760503335133566924e-03 1.971314778332457354e+04
7.832382599179191218e-03 1.981007172590927075e+04
7.904927622696416092e-03 1.990669815558507617e+04
7.978144572076621699e-03 2.000301114171628797e+04
8.052039670825471979e-03 2.009899460670254120e+04
8.126619200091937667e-03 2.019463203876692569e+04
8.201889499202200812e-03 2.028990635344502152e+04
8.277856966198470293e-03 2.038480028526606475e+04
8.354528058382861000e-03 2.047929642411559325e+04
8.431909292866248198e-03 2.057337721831424278e+04
8.510007247122242796e-03 2.066702497780970589e+04
8.588828559546244149e-03 2.076022187747763746e+04
8.668379930019768156e-03 2.085294996053694194e+04
8.748668120479906676e-03 2.094519114207589155e+04
8.829699955494083041e-03 2.103692721269113099e+04
8.911482322840192163e-03 2.112813979284369998e+04
8.994022174092041952e-03 2.121880965846957770e+04
9.077326525210220945e-03 2.130891690541651042e+04
9.161402457138508384e-03 2.139844148459009739e+04
9.246257116405738261e-03 2.148736322017486236e+04
9.331897715733233553e-03 2.157566181436674742e+04
9.418331534647944245e-03 2.166331685224373359e+04
9.505565920101183286e-03 2.175030780677401708e+04
9.593608287093137454e-03 2.183661404396359285e+04
9.682466119303113211e-03 2.192221482814269257e+04
9.772146969725713575e-03 2.200708932738874137e+04
9.862658461312817648e-03 2.209121647680579190e+04
9.954008287621515447e-03 2.217457423112105243e+04
1.004620421346811773e-02 2.225714010458781559e+04
1.013925407558814717e-02 2.233889151743497860e+04
1.023316578330244267e-02 2.241980580323367030e+04
1.032794731918950694e-02 2.249986021569878358e+04
1.042360673976401239e-02 2.257903193565105175e+04
1.052015217616157974e-02 2.265729807813973093e+04
1.061759183482999074e-02 2.273463569972472396e+04
1.071593399822669962e-02 2.281102180591596334e+04
1.081518702552287763e-02 2.288643335848369315e+04
1.091535935331390712e-02 2.296084690601147668e+04
1.101645949633655273e-02 2.303423784031786272e+04
1.111849604819270185e-02 2.310658130642062679e+04
1.122147768207979422e-02 2.317785241715354277e+04
1.132541315152810722e-02 2.324802626235166099e+04
1.143031129114478739e-02 2.331707791821766659e+04
1.153618101736477233e-02 2.338498245686636074e+04
1.164303132920875561e-02 2.345171495604496522e+04
1.175087130904807313e-02 2.351725050902656949e+04
1.185971012337668981e-02 2.358156423467322747e+04
1.196955702359042348e-02 2.364463127319937485e+04
1.208042134677327073e-02 2.370642602490841819e+04
1.219231251649109844e-02 2.376692176361203747e+04
1.230524004359260723e-02 2.382609171507131759e+04
1.241921352701782361e-02 2.388390916415696120e+04
1.253424265461399595e-02 2.394034746708496459e+04
1.265033720395902610e-02 2.399538006384102118e+04
1.276750704319264303e-02 2.404898049078580516e+04
1.288576213185517634e-02 2.410112239343824695e+04
1.300511252173408051e-02 2.415177953942907698e+04
1.312556835771842151e-02 2.420092583162007941e+04
1.324713987866116792e-02 2.424853524818341248e+04
1.336983741824945490e-02 2.429458081068611136e+04
1.349367140588305508e-02 2.433903483462534132e+04
1.361865236756080143e-02 2.438186978757002362e+04
1.374479092677536630e-02 2.442305832738120807e+04
1.387209780541619544e-02 2.446257331765599884e+04
1.400058382468095941e-02 2.450038784332732394e+04
1.413025990599533176e-02 2.453647522642038894e+04
1.426113707194127771e-02 2.457080904194749382e+04
1.439322644719405984e-02 2.460336313394005629e+04
1.452653925946780292e-02 2.463411163160073193e+04
1.466108684046983288e-02 2.466302874730031544e+04
1.479688062686394974e-02 2.469008760011550112e+04
1.493393216124251806e-02 2.471526107633770880e+04
1.507225309310755539e-02 2.473852240425809941e+04
1.521185517986103040e-02 2.475984517392881753e+04
1.535275028780420763e-02 2.477920335561143293e+04
1.549495039314630930e-02 2.479657131831256629e+04
1.563846758302245635e-02 2.481192384839502847e+04
1.578331405652115549e-02 2.482523616824809869e+04
1.592950212572121632e-02 2.483648395500511106e+04
1.607704421673822673e-02 2.484564335909735746e+04
1.622595287078085549e-02 2.485269068479644920e+04
1.637624074521687456e-02 2.485760171234291920e+04
1.652792061464893741e-02 2.486035255423262061e+04
1.668100537200057146e-02 2.486091987219975272e+04
1.683550802961200285e-02 2.485928089729221756e+04
1.699144172034625089e-02 2.485541344990592916e+04
1.714881969870538092e-02 2.484929595976281416e+04
1.730765534195723154e-02 2.484090748581241860e+04
1.746796215127244256e-02 2.483022773603683527e+04
1.762975375287204396e-02 2.481723708714228997e+04
1.779304389918575507e-02 2.480191660114772094e+04
1.795784647002094878e-02 2.478424787546931475e+04
1.812417547374235716e-02 2.476421297131524989e+04
1.829204504846291754e-02 2.474179467522250707e+04
1.846146946324546748e-02 2.471697654068387783e+04
1.863246311931559054e-02 2.468974290717644544e+04
1.880504055128580723e-02 2.466007891893574197e+04
1.897921642839098602e-02 2.462797054345544893e+04
1.915500555573526609e-02 2.459340458968829262e+04
1.933242287555043612e-02 2.455636872592769214e+04
1.951148346846614395e-02 2.451685149734724109e+04
1.969220255479171150e-02 2.447484239857441571e+04
1.987459549580981519e-02 2.443033271234461063e+04
2.005867779508231641e-02 2.438331534233259663e+04
2.024446509976803033e-02 2.433378414110541780e+04
2.043197320195269326e-02 2.428173390416056645e+04
2.062121803999140968e-02 2.422716038322512759e+04
2.081221569986337755e-02 2.417006029905477044e+04
2.100498241653913495e-02 2.411043135370800883e+04
2.119953457536069216e-02 2.404827224228199702e+04
2.139588871343419199e-02 2.398358266408356940e+04
2.159406152103564985e-02 2.391636333322617429e+04
2.179406984302953085e-02 2.384661649883245627e+04
2.199593068030071888e-02 2.377434882564749569e+04
2.219966119119953785e-02 2.369956935182661255e+04
2.240527869300016836e-02 2.362228809917676699e+04
2.261280066337275838e-02 2.354251607089419485e+04
2.282224474186896751e-02 2.346026525280518763e+04
2.303362873142129202e-02 2.337554861395867920e+04
2.324697059985645839e-02 2.328838010656201732e+04
2.346228848142262180e-02 2.319877466525391719e+04
2.367960067833075818e-02 2.310674820570635347e+04
2.389892566231047177e-02 2.301231762347255426e+04
2.412028207618003781e-02 2.291550302229648878e+04
2.434368873543108977e-02 2.281633243779054828e+04
2.456916462982788874e-02 2.271483607649882470e+04
2.479672892502155987e-02 2.261104490898744916e+04
2.502640096417917126e-02 2.250499065385396534e+04
2.525820026962782502e-02 2.239670576130216068e+04
2.549214654451420481e-02 2.228622339629104681e+04
2.572825967447931947e-02 2.217357742127570600e+04
2.596655972934868925e-02 2.205880237854722509e+04
2.620706696483848797e-02 2.194193347218865529e+04
2.644980182427718318e-02 2.182300664961209623e+04
2.669478494034319138e-02 2.170206469179066698e+04
2.694203713681880830e-02 2.157916055902980952e+04
2.719157943036014033e-02 2.145434827216771373e+04
2.744343303228363035e-02 2.132768201097688507e+04
2.769761935036888292e-02 2.119921608025981914e+04
2.795415999067853499e-02 2.106900487639658968e+04
2.821307675939470003e-02 2.093710285436474442e+04
2.847439166467244376e-02 2.080356449525539210e+04
2.873812691851062792e-02 2.066844427430221549e+04
2.900430493863990003e-02 2.053179662944744632e+04
2.927294835042814139e-02 2.039367674535138576e+04
2.954407998880377584e-02 2.025415306824064101e+04
2.981772290019671021e-02 2.011330443857240243e+04
3.009390034449718407e-02 1.997120914804609856e+04
3.037263579703308389e-02 1.982794456596304008e+04
3.065395295056523584e-02 1.968358709818432908e+04
3.093787571730136077e-02 1.953821214833273916e+04
3.122442823092853870e-02 1.939189408122674649e+04
3.151363484866474829e-02 1.924470618852007101e+04
3.180552015332917953e-02 1.909672065652688980e+04
3.210010895543169429e-02 1.894800853620147973e+04
3.239742629528193085e-02 1.879864214685630941e+04
3.269749744511765005e-02 1.864870912320906791e+04
3.300034791125281558e-02 1.849830218884387068e+04
3.330600343624585263e-02 1.834751201354828663e+04
3.361449000108761298e-02 1.819642716518659654e+04
3.392583382740990694e-02 1.804513409010119358e+04
3.424006137971420671e-02 1.789371709740101505e+04
3.455719936762134681e-02 1.774225834700548512e+04
3.487727474814175666e-02 1.759083784131742868e+04
3.520031472796676664e-02 1.743953342039227573e+04
3.552634676578136225e-02 1.728842076273485145e+04
3.585539857459813656e-02 1.713758132939034476e+04
3.618749812411276717e-02 1.698711968850122139e+04
3.652267364308171838e-02 1.683714220354759527e+04
3.686095362172157192e-02 1.668775174856638114e+04
3.720236681413065238e-02 1.653904773739685334e+04
3.754694224073331504e-02 1.639112615899712910e+04
3.789470919074661853e-02 1.624407961848690684e+04
3.824569722466996530e-02 1.609799738357355091e+04
3.859993617679764732e-02 1.595296543602869315e+04
3.895745615775497717e-02 1.580906652788768952e+04
3.931828755705766426e-02 1.566638010261523232e+04
3.968246104569477656e-02 1.552497319774793868e+04
4.005000757873606460e-02 1.538489524980162969e+04
4.042095839796304435e-02 1.524619225676324459e+04
4.079534503452447725e-02 1.510890822249359371e+04
4.117319931161673302e-02 1.497308520856579526e+04
4.155455334718873017e-02 1.483876338718572515e+04
4.193943955667183560e-02 1.470598109507876688e+04
4.232789065573545201e-02 1.457477488823032763e+04
4.271993966306773111e-02 1.444517959737609635e+04
4.311561990318223819e-02 1.431722838414315265e+04
4.351496500925045030e-02 1.419095507408929552e+04
4.391800892596080946e-02 1.406643075237795711e+04
4.432478591240394949e-02 1.394375609025642552e+04
4.473533054498461670e-02 1.382302882038398639e+04
4.514967772036095062e-02 1.370434285313801593e+04
4.556786265841060446e-02 1.358778844469451906e+04
4.598992090522435044e-02 1.347345237077365164e+04
4.641588833612773218e-02 1.336141810559189253e+04
4.684580115873045181e-02 1.325176600560264342e+04
4.727969591600385268e-02 1.314457349765029176e+04
4.771760948938739977e-02 1.303991489567624012e+04
4.815957910192344982e-02 1.293780486820480837e+04
4.860564232142131763e-02 1.283814034599554179e+04
4.905583706365043706e-02 1.274080691967287021e+04
4.951020159556343558e-02 1.264569352972620982e+04
4.996877453854880330e-02 1.255269231313499586e+04
5.043159487171355176e-02 1.246169845901840745e+04
5.089870193519675096e-02 1.237261007288445580e+04
5.137013543351338224e-02 1.228532804908364596e+04
5.184593543892907636e-02 1.219975595109122696e+04
5.232614239486655522e-02 1.211580424765908901e+04
5.281079711934328486e-02 1.203341873993742047e+04
5.329994080844085297e-02 1.195256170328511325e+04
5.379361503980694542e-02 1.187319639622718023e+04
5.429186177618934572e-02 1.179528694968335731e+04
5.479472336900283180e-02 1.171879833987266102e+04
5.530224256192894927e-02 1.164369636212863043e+04
5.581446249454956321e-02 1.156994760559145288e+04
5.633142670601350849e-02 1.149751939820057669e+04
5.685317913873746271e-02 1.142634702002682025e+04
5.737976414214127074e-02 1.135627262330436679e+04
5.791122647641756827e-02 1.128712514888388068e+04
5.844761131633628704e-02 1.121873758923518835e+04
5.898896425508490249e-02 1.115094686912393627e+04
5.953533130814366026e-02 1.108359375038504913e+04
6.008675891719681555e-02 1.101652275982761239e+04
6.064329395408056544e-02 1.094958213845395949e+04
6.120498372476691068e-02 1.088262063508054780e+04
6.177187597338487657e-02 1.081548049319907113e+04
6.234401888627855853e-02 1.074800591408965010e+04
6.292146109610335936e-02 1.068004521233808919e+04
6.350425168595959236e-02 1.061145087430119565e+04
6.409244019356447053e-02 1.054207963721322812e+04
6.468607661546316168e-02 1.047179258779786869e+04
6.528521141127842375e-02 1.040045428520534551e+04
6.588989550799943806e-02 1.032791832126765803e+04
6.650018030431112392e-02 1.025403115983868156e+04
6.711611767496274139e-02 1.017864469995042782e+04
6.773775997517743341e-02 1.010161685201635919e+04
6.836516004510230504e-02 1.002281178143581019e+04
6.899837121430009435e-02 9.942100168676986868e+03
6.963744730628218527e-02 9.859361097548988255e+03
7.028244264308342037e-02 9.774505970296073428e+03
7.093341204987985149e-02 9.687472613077014103e+03
7.159041085964881757e-02 9.598205316427596699e+03
7.225349491787207146e-02 9.506654452863922415e+03
7.292272058728306583e-02 9.412776662543068596e+03
7.359814475265762101e-02 9.316535033131836826e+03
7.427982482564908506e-02 9.217913091080963568e+03
7.496781874966866599e-02 9.116953503741502573e+03
7.566218500481045051e-02 9.013715514081633955e+03
7.636298261282237210e-02 8.908261634938799034e+03
7.707027114212290642e-02 8.800657578793263383e+03
7.778411071286477074e-02 8.690972179423371927e+03
7.850456200204503077e-02 8.579286329326967461e+03
7.923168624866246124e-02 8.465746941684523335e+03
7.996554525892338172e-02 8.350527060295306001e+03
8.070620141149498217e-02 8.233796939857995312e+03
8.145371766280734560e-02 8.115723644811032500e+03
8.220815755240529210e-02 7.996470786234222032e+03
8.296958520834901707e-02 7.876210361921634103e+03
8.373806535266484219e-02 7.755165596987080789e+03
8.451366330684707828e-02 7.633567482878847841e+03
8.529644499741011188e-02 7.511637394277526255e+03
8.608647696149236694e-02 7.389586919870974270e+03
8.688382635251175323e-02 7.267618637662994843e+03
8.768856094587416938e-02 7.145962666611364511e+03
8.850074914473428367e-02 7.024886719290328074e+03
8.932045998580956381e-02 6.904646097583760820e+03
9.014776314524905465e-02 6.785480133287665922e+03
9.098272894455552984e-02 6.667612498942990896e+03
9.182542835656276603e-02 6.551274338900564544e+03
9.267593301146867524e-02 6.436748618300497583e+03
9.353431520292378176e-02 6.324310399558222343e+03
9.440064789417594582e-02 6.214214076450723951e+03
9.527500472427280487e-02 6.106694394007730807e+03
9.615746001432085022e-02 6.001967559459896620e+03
9.704808877380294296e-02 5.900232942448526956e+03
9.794696670695382523e-02 5.801676834020197930e+03
9.885417021919559732e-02 5.706471623443459066e+03
9.976977642363195342e-02 5.614775968970552640e+03
1.006938631476026330e-01 5.526736205431304370e+03
1.016265089392993370e-01 5.442487782754893487e+03
1.025677930744420818e-01 5.362129655461531911e+03
1.035177955630175173e-01 5.285638746349109169e+03
1.044765971560803197e-01 5.212962329784272697e+03
1.054442793526168126e-01 5.144050967541999853e+03
1.064209244064723281e-01 5.078858704657227463e+03
1.074066153333431972e-01 5.017341093647518392e+03
1.084014359178329528e-01 4.959367537680534042e+03
1.094054707205741883e-01 4.904695771277939457e+03
1.104188050854159470e-01 4.853087894732095265e+03
1.114415251466785994e-01 4.804317893964505856e+03
1.124737178364750984e-01 4.758170542687423222e+03
1.135154708920997901e-01 4.714412098124385011e+03
1.145668728634870182e-01 4.672728819775337797e+03
1.156280131207375050e-01 4.632801210653181442e+03
1.166989818617145819e-01 4.594321281902804913e+03
1.177798701197117492e-01 4.556991561203155470e+03
1.188707697711902517e-01 4.520513515312534764e+03
1.199717735435883587e-01 4.484556550301232164e+03
1.210829750232038649e-01 4.448790422468327051e+03
1.222044686631486576e-01 4.412895295685993005e+03
1.233363497913774615e-01 4.376561714071747701e+03
1.244787146187904675e-01 4.339489823010918371e+03
1.256316602474118749e-01 4.301388441909833091e+03
1.267952846786433441e-01 4.261977760316010063e+03
1.279696868215939864e-01 4.220990491377745457e+03
1.291549665014882220e-01 4.178175509123673692e+03
1.303512244681508114e-01 4.133346990330132030e+03
1.315585624045702839e-01 4.086377807158116866e+03
1.327770829355428006e-01 4.037154688897572669e+03
1.340068896363948159e-01 3.985577376776619531e+03
1.352480870417873959e-01 3.931599547189406621e+03
1.365007806546012226e-01 3.875305577148209977e+03
1.377650769549051968e-01 3.816807152002051680e+03
1.390410834090069214e-01 3.756219904482975835e+03
1.403289084785870888e-01 3.693679803340596209e+03
1.416286616299196610e-01 3.629435488871820780e+03
1.429404533431760105e-01 3.563773794964820354e+03
1.442643951218156306e-01 3.496970893583468751e+03
1.456005995020647481e-01 3.429300589635608958e+03
1.469491800624815603e-01 3.361110385898800359e+03
1.483102514336102906e-01 3.292773947775829129e+03
1.496839293077253941e-01 3.224640298024708500e+03
1.510703304486652188e-01 3.157042690529441643e+03
1.524695727017572333e-01 3.090364366291887109e+03
1.538817750038344034e-01 3.024993323145744398e+03
1.553070573933457710e-01 2.961284500891841162e+03
1.567455410205593758e-01 2.899563254692835471e+03
1.581973481578598517e-01 2.840134048690930740e+03
1.596626022101423625e-01 2.783276272637601323e+03
1.611414277253018223e-01 2.729244036984086506e+03
1.626339504048190387e-01 2.678214818802609443e+03
1.641402971144464429e-01 2.630250866994639637e+03
1.656605958949912694e-01 2.585399000515780699e+03
1.671949759731987672e-01 2.543689726393672117e+03
1.687435677727373295e-01 2.505010063271797208e+03
1.703065029252841811e-01 2.469172800983428715e+03
1.718839142817144283e-01 2.436002810899375163e+03
1.734759359233929432e-01 2.405283242265181798e+03
1.750827031735721628e-01 2.376706145023927547e+03
1.767043526088944716e-01 2.349968445811978654e+03
1.783410220710006100e-01 2.324770933670780323e+03
1.799928506782474402e-01 2.300767145617638562e+03
1.816599788375325986e-01 2.277605073650834584e+03
1.833425482562288100e-01 2.254944399010102643e+03
1.850407019542299192e-01 2.232428177150880401e+03
1.867545842761074437e-01 2.209693790038605130e+03
1.884843409033793715e-01 2.186394080785329152e+03
1.902301188668942267e-01 2.162217182195063288e+03
1.919920665593281006e-01 2.136886311777782794e+03
1.937703337477986731e-01 2.110144179841553523e+03
1.955650715865946687e-01 2.081825538599622178e+03
1.973764326300253003e-01 2.051865892572147004e+03
1.992045708453868413e-01 2.020220468911995795e+03
2.010496416260496022e-01 1.986949977476338518e+03
2.029118018046674743e-01 1.952222337577425606e+03
2.047912096665083781e-01 1.916213150687377720e+03
2.066880249629080013e-01 1.879172869135342353e+03
2.086024089248501023e-01 1.841406097350929031e+03
2.105345242766703540e-01 1.803208597544584109e+03
2.124845352498880569e-01 1.764915102505983441e+03
2.144526075971665002e-01 1.726865747797347240e+03
2.164389086064017198e-01 1.689380758511775866e+03
2.184436071149425118e-01 1.652781415014349705e+03
2.204668735239406208e-01 1.617367621631703514e+03
2.225088798128365408e-01 1.583394149820972643e+03
2.245697995539772118e-01 1.551063020614992865e+03
2.266498079273690791e-01 1.520547953663847466e+03
2.287490817355699591e-01 1.491926520183715411e+03
2.308677994187166849e-01 1.465221220866326348e+03
2.330061410696921964e-01 1.440415296471708416e+03
2.351642884494345442e-01 1.417393822264584514e+03
2.373424250023863091e-01 1.396028305202877618e+03
2.395407358720875457e-01 1.376126279054944462e+03
2.417594079169126942e-01 1.357456267221770531e+03
2.439986297259546244e-01 1.339769240913299654e+03
2.462585916350544246e-01 1.322761888893881633e+03
2.485394857429796267e-01 1.306133339452057953e+03
2.508415059277536163e-01 1.289572139353563216e+03
2.531648478631352561e-01 1.272772663475351465e+03
2.555097090352503875e-01 1.255483142161886917e+03
2.578762887593797903e-01 1.237507554251246574e+03
2.602647881969002985e-01 1.218708496777096798e+03
2.626754103723834000e-01 1.199060740045933471e+03
2.651083601908534870e-01 1.178577365950914100e+03
2.675638444552040918e-01 1.157360144031020809e+03
2.700420718837769907e-01 1.135538317986418633e+03
2.725432531281025139e-01 1.113277835870047056e+03
2.750676007908062215e-01 1.090759276065510221e+03
2.776153294436797259e-01 1.068184871250540482e+03
2.801866556459191582e-01 1.045768637627902308e+03
2.827817979625337208e-01 1.023732277041723364e+03
2.854009769829236043e-01 1.002303202227513680e+03
2.880444153396293228e-01 9.816793084105089520e+02
2.907123377272573528e-01 9.620265255544891261e+02
2.934049709215784674e-01 9.434482527343934635e+02
2.961225437988031506e-01 9.259745030858879318e+02
2.988652873550379230e-01 9.095763964073993293e+02
3.016334347259193582e-01 8.941578704125793138e+02
3.044272212064296212e-01 8.795937594583748478e+02
3.072468842708999115e-01 8.657298435777548775e+02
3.100926635931924857e-01 8.524027157296158066e+02
3.129648010670745828e-01 8.394417961457703541e+02
3.158635408267813638e-01 8.266729539931590125e+02
3.187891292677643151e-01 8.139241399546746152e+02
3.217418150676366051e-01 8.010421957241292148e+02
3.247218492073125629e-01 7.878988619402221047e+02
3.277294849923381159e-01 7.744256204618254742e+02
3.307649780744235102e-01 7.606008249701014847e+02
3.338285864731757036e-01 7.464732146344947523e+02
3.369205705980265475e-01 7.321287624345026188e+02
3.400411932703701345e-01 7.176879102911948394e+02
3.431907197459040382e-01 7.032791263603816105e+02
3.463694177371731686e-01 6.890310640684077725e+02
3.495775574363269023e-01 6.750650910235099218e+02
3.528154115380879308e-01 6.614902756428029988e+02
3.560832552629271119e-01 6.483990089945179989e+02
3.593813663804621972e-01 6.358537098625118915e+02
3.627100252330643371e-01 6.238848361350416099e+02
3.660695147596894072e-01 6.124747790362723663e+02
3.694601205199297134e-01 6.015719233373241650e+02
3.728821307182831335e-01 5.910931368722016259e+02
3.763358362286526870e-01 5.809429159678873020e+02
3.798215306190729224e-01 5.710239752748657338e+02
3.833395101766597923e-01 5.612443098001674571e+02
3.868900739327968408e-01 5.515199685853706342e+02
3.904735236885555349e-01 5.417793915042252593e+02
3.940901640403446371e-01 5.319722183961247310e+02
3.977403024058027703e-01 5.220830563298321749e+02
4.014242490499316252e-01 5.121325555773503311e+02
4.051423171114645339e-01 5.021779908882222685e+02
4.088948226294853994e-01 4.922891757195274067e+02
4.126820845702948715e-01 4.825332427534381168e+02
4.165044248545181627e-01 4.729644516506506875e+02
4.203621683844705470e-01 4.636269953939102493e+02
4.242556430717773219e-01 4.545603001357965240e+02
4.281851798652410723e-01 4.457967518814323853e+02
4.321511127789757212e-01 4.373482501206628399e+02
4.361537789207999838e-01 4.291933817290058073e+02
4.401935185208872281e-01 4.212839830261663110e+02
4.442706749606876171e-01 4.135605006106188171e+02
4.483855948021182591e-01 4.059744841024034372e+02
4.525386278170159260e-01 3.984923601524902779e+02
4.567301270168738769e-01 3.910870359294671061e+02
4.609604486828429160e-01 3.837318393321020835e+02
4.652299523960179983e-01 3.764060803664675063e+02
4.695390010680052240e-01 3.691116239892823501e+02
4.738879609717649433e-01 3.618768093942163091e+02
4.782772017727474623e-01 3.547431429479968301e+02
4.827070965603176278e-01 3.477454187436802044e+02
4.871780218794627415e-01 3.409014944233607594e+02
4.916903577628018440e-01 3.342195123345514389e+02
4.962444877628909290e-01 3.277077053682928067e+02
5.008407989848207009e-01 3.213722330956351811e+02
5.054796821191230860e-01 3.152070247507896283e+02
5.101615314749827768e-01 3.091884770334812060e+02
5.148867450137490920e-01 3.032846229461865732e+02
5.196557243827650829e-01 2.974716836245514742e+02
5.244688749495111102e-01 2.917395163381946190e+02
5.293266058360557302e-01 2.860832278815947234e+02
5.342293299538343199e-01 2.804971172975887157e+02
5.391774640387495543e-01 2.749787640565954803e+02
5.441714286865887429e-01 2.695377946438918002e+02
5.492116483887778955e-01 2.641937953035219380e+02
5.542985515684663023e-01 2.589617969913339834e+02
5.594325706169376300e-01 2.538438712984869312e+02
5.646141419303659648e-01 2.488362491728101702e+02
5.698437059469133592e-01 2.439388896514008422e+02
5.751217071841600026e-01 2.391519187420032608e+02
5.804485942768968787e-01 2.344655696646701699e+02
5.858248200152531560e-01 2.298625948375097607e+02
5.912508413831865095e-01 2.253331315261918917e+02
5.967271195973304909e-01 2.208777279064174195e+02
6.022541201461921734e-01 2.164973130039194018e+02
6.078323128297217215e-01 2.121874025083069171e+02
6.134621717992498890e-01 2.079475251214354046e+02
6.191441755977838968e-01 2.037870836531033660e+02
6.248788072006880023e-01 1.997135852285546775e+02
6.306665540567395478e-01 1.957249066214575919e+02
6.365079081295567098e-01 1.918172304715078553e+02
6.424033659394179363e-01 1.879871694020198447e+02
6.483534286054715157e-01 1.842315266913104779e+02
6.543586018883228439e-01 1.805472687096624611e+02
6.604193962330291434e-01 1.769318017658654014e+02
6.665363268124905316e-01 1.733837549038441352e+02
6.727099135712334421e-01 1.699020551183895975e+02
6.789406812696097138e-01 1.664856406222089902e+02
6.852291595284054626e-01 1.631334609162254878e+02
6.915758828738519659e-01 1.598444768521560775e+02
6.979813907830648700e-01 1.566176606875959578e+02
7.044462277299030628e-01 1.534519961338145322e+02
7.109709432312418809e-01 1.503464783965035849e+02
7.175560918936915167e-01 1.473001142096690046e+02
7.242022334607306489e-01 1.443119218628878002e+02
7.309099328602896017e-01 1.413809312221374341e+02
7.376797602527721542e-01 1.385061837443950594e+02
7.445122910795132221e-01 1.356867324862262478e+02
7.514081061116951732e-01 1.329216421065436293e+02
7.583677914997178915e-01 1.302099888637393406e+02
7.653919388230141507e-01 1.275508606073899642e+02
7.724811451403386098e-01 1.249433567647161283e+02
7.796360130405221023e-01 1.223865883219836093e+02
7.868571506936843374e-01 1.198796778010379143e+02
7.941451719029323231e-01 1.174217592311443923e+02
8.015006961565395160e-01 1.150119781163116954e+02
8.089243486805934857e-01 1.126494913982797783e+02
8.164167604921452881e-01 1.103334660470370636e+02
8.239785684528506682e-01 1.080630548584605037e+02
8.316104153230955420e-01 1.058374015739090908e+02
8.393129498166350677e-01 1.036556643679390532e+02
8.470868266557394222e-01 1.015170164466687766e+02
8.549327066268376241e-01 9.942064579453503370e+01
8.628512566366877135e-01 9.736575492502548457e+01
8.708431497690714007e-01 9.535156063536294369e+01
8.789090653419949772e-01 9.337729376506210599e+01
8.870496889654391204e-01 9.144219895830799771e+01
8.952657125996386078e-01 8.954553443010148328e+01
9.035578346138908312e-01 8.768657173611683220e+01
9.119267598459283031e-01 8.586459554621180246e+01
9.203731996618214062e-01 8.407890342154495045e+01
9.288978720164480229e-01 8.232880559523643171e+01
9.375015015145271580e-01 8.061362475652926207e+01
9.461848194721990124e-01 7.893269583839284564e+01
9.549485639791944758e-01 7.728536580852501459e+01
9.637934799615772707e-01 7.567099346369018065e+01
9.727203192450531999e-01 7.408894922735825617e+01
9.817298406188816884e-01 7.253861495058548314e+01
9.908228099003780764e-01 7.101938371608954981e+01
9.999999999999991118e-01 6.953065964548110856e+01
